pin,r,g,b,total
0000,255,255,153,663
0001,255,227,0,482
0002,255,127,0,382
0003,255,103,0,358
0004,255,92,0,347
0005,255,91,0,346
0006,255,80,0,335
0007,255,255,28,538
0008,255,124,0,379
0009,255,166,0,421
0010,255,133,0,388
0011,255,178,0,433
0012,255,152,0,407
0013,255,147,0,402
0014,255,93,0,348
0015,255,81,0,336
0016,255,70,0,325
0017,255,82,0,337
0018,255,88,0,343
0019,255,65,0,320
0020,255,89,0,344
0021,255,104,0,359
0022,255,105,0,360
0023,255,110,0,365
0024,255,155,0,410
0025,255,90,0,345
0026,255,49,0,304
0027,255,86,0,341
0028,255,49,0,304
0029,255,48,0,303
0030,255,32,0,287
0031,255,58,0,313
0032,255,72,0,327
0033,255,88,0,343
0034,255,35,0,290
0035,255,50,0,305
0036,255,32,0,287
0037,255,10,0,265
0038,255,38,0,293
0039,255,11,0,266
0040,255,6,0,261
0041,255,63,0,318
0042,255,62,0,317
0043,255,7,0,262
0044,255,50,0,305
0045,255,69,0,324
0046,255,13,0,268
0047,255,19,0,274
0048,255,39,0,294
0049,255,70,0,325
0050,255,10,0,265
0051,243,0,0,243
0052,255,23,0,278
0053,255,21,0,276
0054,255,18,0,273
0055,255,53,0,308
0056,255,29,0,284
0057,255,19,0,274
0058,255,4,0,259
0059,255,9,0,264
0060,255,54,0,309
0061,255,22,0,277
0062,255,21,0,276
0063,255,47,0,302
0064,255,81,0,336
0065,255,19,0,274
0066,255,60,0,315
0067,255,18,0,273
0068,255,46,0,301
0069,255,147,0,402
0070,255,255,12,522
0071,255,128,0,383
0072,255,95,0,350
0073,255,52,0,307
0074,255,74,0,329
0075,255,70,0,325
0076,255,64,0,319
0077,255,196,0,451
0078,255,137,0,392
0079,255,129,0,384
0080,255,119,0,374
0081,255,36,0,291
0082,255,48,0,303
0083,255,162,0,417
0084,255,2,0,257
0085,255,24,0,279
0086,255,10,0,265
0087,255,45,0,300
0088,255,80,0,335
0089,255,63,0,318
0090,255,89,0,344
0091,255,28,0,283
0092,255,48,0,303
0093,255,31,0,286
0094,255,43,0,298
0095,221,0,0,221
0096,255,14,0,269
0097,255,26,0,281
0098,255,131,0,386
0099,255,147,0,402
0100,255,90,0,345
0101,255,226,0,481
0102,255,183,0,438
0103,255,146,0,401
0104,255,142,0,397
0105,255,134,0,389
0106,255,120,0,375
0107,255,130,0,385
0108,255,133,0,388
0109,255,128,0,383
0110,255,158,0,413
0111,255,154,0,409
0112,255,151,0,406
0113,255,133,0,388
0114,255,146,0,401
0115,255,129,0,384
0116,255,144,0,399
0117,255,138,0,393
0118,255,137,0,392
0119,255,140,0,395
0120,255,167,0,422
0121,255,181,0,436
0122,255,151,0,406
0123,255,255,4,514
0124,255,198,0,453
0125,255,178,0,433
0126,255,135,0,390
0127,255,140,0,395
0128,255,153,0,408
0129,255,142,0,397
0130,255,142,0,397
0131,255,135,0,390
0132,255,41,0,296
0133,255,32,0,287
0134,255,80,0,335
0135,255,34,0,289
0136,255,18,0,273
0137,255,59,0,314
0138,255,64,0,319
0139,243,0,0,243
0140,255,73,0,328
0141,255,35,0,290
0142,255,61,0,316
0143,255,108,0,363
0144,255,63,0,318
0145,255,77,0,332
0146,217,0,0,217
0147,255,181,0,436
0148,255,33,0,288
0149,255,22,0,277
0150,255,38,0,293
0151,255,7,0,262
0152,255,105,0,360
0153,255,63,0,318
0154,255,39,0,294
0155,255,23,0,278
0156,255,38,0,293
0157,255,63,0,318
0158,255,73,0,328
0159,255,90,0,345
0160,240,0,0,240
0161,255,10,0,265
0162,255,33,0,288
0163,255,9,0,264
0164,255,5,0,260
0165,255,32,0,287
0166,255,60,0,315
0167,255,24,0,279
0168,255,53,0,308
0169,255,31,0,286
0170,255,15,0,270
0171,255,20,0,275
0172,255,38,0,293
0173,253,0,0,253
0174,255,16,0,271
0175,255,41,0,296
0176,254,0,0,254
0177,255,38,0,293
0178,255,10,0,265
0179,255,51,0,306
0180,255,44,0,299
0181,253,0,0,253
0182,255,26,0,281
0183,232,0,0,232
0184,255,23,0,278
0185,245,0,0,245
0186,253,0,0,253
0187,255,114,0,369
0188,255,84,0,339
0189,255,80,0,335
0190,255,120,0,375
0191,255,52,0,307
0192,255,61,0,316
0193,255,2,0,257
0194,242,0,0,242
0195,230,0,0,230
0196,255,41,0,296
0197,234,0,0,234
0198,255,9,0,264
0199,255,44,0,299
0200,255,57,0,312
0201,255,128,0,383
0202,255,200,0,455
0203,255,171,0,426
0204,255,160,0,415
0205,255,143,0,398
0206,255,137,0,392
0207,255,121,0,376
0208,255,145,0,400
0209,255,147,0,402
0210,255,166,0,421
0211,255,138,0,393
0212,255,147,0,402
0213,255,163,0,418
0214,255,175,0,430
0215,255,137,0,392
0216,255,128,0,383
0217,255,143,0,398
0218,255,140,0,395
0219,255,141,0,396
0220,255,152,0,407
0221,255,141,0,396
0222,255,135,0,390
0223,255,139,0,394
0224,255,142,0,397
0225,255,153,0,408
0226,255,127,0,382
0227,255,131,0,386
0228,255,144,0,399
0229,255,66,0,321
0230,255,89,0,344
0231,255,42,0,297
0232,255,22,0,277
0233,255,39,0,294
0234,255,42,0,297
0235,255,56,0,311
0236,255,12,0,267
0237,234,0,0,234
0238,255,24,0,279
0239,255,15,0,270
0240,255,27,0,282
0241,255,30,0,285
0242,255,132,0,387
0243,255,70,0,325
0244,255,7,0,262
0245,255,34,0,289
0246,255,38,0,293
0247,255,25,0,280
0248,255,45,0,300
0249,255,36,0,291
0250,255,80,0,335
0251,255,22,0,277
0252,255,8,0,263
0253,234,0,0,234
0254,255,12,0,267
0255,255,26,0,281
0256,255,36,0,291
0257,255,35,0,290
0258,255,148,0,403
0259,226,0,0,226
0260,255,13,0,268
0261,215,0,0,215
0262,255,1,0,256
0263,254,0,0,254
0264,243,0,0,243
0265,243,0,0,243
0266,223,0,0,223
0267,255,14,0,269
0268,255,2,0,257
0269,255,32,0,287
0270,255,35,0,290
0271,255,17,0,272
0272,255,27,0,282
0273,248,0,0,248
0274,255,31,0,286
0275,255,9,0,264
0276,255,9,0,264
0277,253,0,0,253
0278,255,19,0,274
0279,255,26,0,281
0280,251,0,0,251
0281,255,14,0,269
0282,255,59,0,314
0283,228,0,0,228
0284,255,6,0,261
0285,255,5,0,260
0286,255,16,0,271
0287,255,40,0,295
0288,255,42,0,297
0289,255,5,0,260
0290,255,7,0,262
0291,255,2,0,257
0292,210,0,0,210
0293,226,0,0,226
0294,215,0,0,215
0295,252,0,0,252
0296,208,0,0,208
0297,255,12,0,267
0298,223,0,0,223
0299,224,0,0,224
0300,255,42,0,297
0301,255,146,0,401
0302,255,152,0,407
0303,255,198,0,453
0304,255,150,0,405
0305,255,151,0,406
0306,255,134,0,389
0307,255,135,0,390
0308,255,133,0,388
0309,255,127,0,382
0310,255,152,0,407
0311,255,168,0,423
0312,255,150,0,405
0313,255,158,0,413
0314,255,166,0,421
0315,255,153,0,408
0316,255,180,0,435
0317,255,145,0,400
0318,255,152,0,407
0319,255,147,0,402
0320,255,135,0,390
0321,255,187,0,442
0322,255,141,0,396
0323,255,152,0,407
0324,255,137,0,392
0325,255,149,0,404
0326,255,158,0,413
0327,255,149,0,404
0328,255,142,0,397
0329,255,126,0,381
0330,255,144,0,399
0331,255,146,0,401
0332,255,11,0,266
0333,255,89,0,344
0334,236,0,0,236
0335,255,4,0,259
0336,255,12,0,267
0337,255,47,0,302
0338,255,27,0,282
0339,255,9,0,264
0340,226,0,0,226
0341,255,25,0,280
0342,255,92,0,347
0343,255,52,0,307
0344,255,46,0,301
0345,255,62,0,317
0346,255,50,0,305
0347,255,34,0,289
0348,230,0,0,230
0349,255,32,0,287
0350,255,14,0,269
0351,255,98,0,353
0352,255,43,0,298
0353,238,0,0,238
0354,255,24,0,279
0355,255,18,0,273
0356,255,31,0,286
0357,255,92,0,347
0358,255,33,0,288
0359,249,0,0,249
0360,255,6,0,261
0361,255,22,0,277
0362,210,0,0,210
0363,242,0,0,242
0364,255,34,0,289
0365,255,16,0,271
0366,230,0,0,230
0367,255,4,0,259
0368,235,0,0,235
0369,255,101,0,356
0370,255,6,0,261
0371,255,22,0,277
0372,255,22,0,277
0373,237,0,0,237
0374,217,0,0,217
0375,255,8,0,263
0376,242,0,0,242
0377,227,0,0,227
0378,255,18,0,273
0379,237,0,0,237
0380,223,0,0,223
0381,215,0,0,215
0382,243,0,0,243
0383,255,3,0,258
0384,220,0,0,220
0385,255,52,0,307
0386,255,24,0,279
0387,255,41,0,296
0388,235,0,0,235
0389,212,0,0,212
0390,226,0,0,226
0391,255,9,0,264
0392,221,0,0,221
0393,212,0,0,212
0394,239,0,0,239
0395,239,0,0,239
0396,250,0,0,250
0397,247,0,0,247
0398,255,2,0,257
0399,247,0,0,247
0400,255,17,0,272
0401,255,126,0,381
0402,255,152,0,407
0403,255,125,0,380
0404,255,177,0,432
0405,255,147,0,402
0406,255,130,0,385
0407,255,138,0,393
0408,255,148,0,403
0409,255,121,0,376
0410,255,152,0,407
0411,255,189,0,444
0412,255,158,0,413
0413,255,153,0,408
0414,255,143,0,398
0415,255,144,0,399
0416,255,153,0,408
0417,255,144,0,399
0418,255,135,0,390
0419,255,147,0,402
0420,255,208,0,463
0421,255,129,0,384
0422,255,129,0,384
0423,255,153,0,408
0424,255,137,0,392
0425,255,141,0,396
0426,255,142,0,397
0427,255,135,0,390
0428,255,153,0,408
0429,255,136,0,391
0430,255,117,0,372
0431,255,63,0,318
0432,255,12,0,267
0433,246,0,0,246
0434,247,0,0,247
0435,250,0,0,250
0436,210,0,0,210
0437,245,0,0,245
0438,218,0,0,218
0439,162,0,0,162
0440,255,12,0,267
0441,255,30,0,285
0442,255,60,0,315
0443,213,0,0,213
0444,255,18,0,273
0445,255,21,0,276
0446,228,0,0,228
0447,195,0,0,195
0448,253,0,0,253
0449,230,0,0,230
0450,255,26,0,281
0451,255,18,0,273
0452,249,0,0,249
0453,255,26,0,281
0454,255,18,0,273
0455,255,37,0,292
0456,255,84,0,339
0457,255,9,0,264
0458,255,4,0,259
0459,255,9,0,264
0460,226,0,0,226
0461,240,0,0,240
0462,255,8,0,263
0463,248,0,0,248
0464,245,0,0,245
0465,230,0,0,230
0466,246,0,0,246
0467,250,0,0,250
0468,248,0,0,248
0469,255,3,0,258
0470,255,1,0,256
0471,242,0,0,242
0472,243,0,0,243
0473,230,0,0,230
0474,255,9,0,264
0475,255,0,0,255
0476,255,15,0,270
0477,255,30,0,285
0478,255,14,0,269
0479,255,79,0,334
0480,220,0,0,220
0481,238,0,0,238
0482,255,33,0,288
0483,255,0,0,255
0484,255,39,0,294
0485,255,46,0,301
0486,255,145,0,400
0487,255,15,0,270
0488,255,14,0,269
0489,255,9,0,264
0490,239,0,0,239
0491,255,1,0,256
0492,212,0,0,212
0493,255,25,0,280
0494,243,0,0,243
0495,255,15,0,270
0496,215,0,0,215
0497,237,0,0,237
0498,224,0,0,224
0499,217,0,0,217
0500,255,41,0,296
0501,255,148,0,403
0502,255,154,0,409
0503,255,121,0,376
0504,255,137,0,392
0505,255,199,0,454
0506,255,137,0,392
0507,255,145,0,400
0508,255,119,0,374
0509,255,146,0,401
0510,255,162,0,417
0511,255,136,0,391
0512,255,155,0,410
0513,255,146,0,401
0514,255,131,0,386
0515,255,156,0,411
0516,255,138,0,393
0517,255,148,0,403
0518,255,131,0,386
0519,255,128,0,383
0520,255,132,0,387
0521,255,147,0,402
0522,255,137,0,392
0523,255,146,0,401
0524,255,143,0,398
0525,255,153,0,408
0526,255,141,0,396
0527,255,134,0,389
0528,255,127,0,382
0529,255,122,0,377
0530,255,126,0,381
0531,255,125,0,380
0532,255,47,0,302
0533,255,9,0,264
0534,255,26,0,281
0535,255,50,0,305
0536,245,0,0,245
0537,208,0,0,208
0538,223,0,0,223
0539,255,13,0,268
0540,255,1,0,256
0541,237,0,0,237
0542,255,15,0,270
0543,230,0,0,230
0544,200,0,0,200
0545,239,0,0,239
0546,255,16,0,271
0547,253,0,0,253
0548,221,0,0,221
0549,247,0,0,247
0550,255,68,0,323
0551,255,19,0,274
0552,255,5,0,260
0553,237,0,0,237
0554,255,6,0,261
0555,255,77,0,332
0556,248,0,0,248
0557,228,0,0,228
0558,245,0,0,245
0559,227,0,0,227
0560,255,22,0,277
0561,255,10,0,265
0562,255,10,0,265
0563,255,9,0,264
0564,255,19,0,274
0565,228,0,0,228
0566,255,6,0,261
0567,255,32,0,287
0568,244,0,0,244
0569,255,15,0,270
0570,255,8,0,263
0571,255,50,0,305
0572,251,0,0,251
0573,254,0,0,254
0574,255,23,0,278
0575,215,0,0,215
0576,255,14,0,269
0577,255,73,0,328
0578,253,0,0,253
0579,250,0,0,250
0580,250,0,0,250
0581,244,0,0,244
0582,255,12,0,267
0583,239,0,0,239
0584,255,96,0,351
0585,251,0,0,251
0586,255,8,0,263
0587,255,9,0,264
0588,255,68,0,323
0589,200,0,0,200
0590,250,0,0,250
0591,231,0,0,231
0592,255,32,0,287
0593,193,0,0,193
0594,255,0,0,255
0595,213,0,0,213
0596,223,0,0,223
0597,221,0,0,221
0598,250,0,0,250
0599,255,8,0,263
0600,255,16,0,271
0601,255,132,0,387
0602,255,130,0,385
0603,255,123,0,378
0604,255,170,0,425
0605,255,117,0,372
0606,255,153,0,408
0607,255,136,0,391
0608,255,113,0,368
0609,255,124,0,379
0610,255,144,0,399
0611,255,149,0,404
0612,255,143,0,398
0613,255,145,0,400
0614,255,137,0,392
0615,255,131,0,386
0616,255,142,0,397
0617,255,136,0,391
0618,255,125,0,380
0619,255,121,0,376
0620,255,126,0,381
0621,255,124,0,379
0622,255,147,0,402
0623,255,128,0,383
0624,255,144,0,399
0625,255,163,0,418
0626,255,124,0,379
0627,255,111,0,366
0628,255,126,0,381
0629,255,113,0,368
0630,255,110,0,365
0631,239,0,0,239
0632,242,0,0,242
0633,252,0,0,252
0634,254,0,0,254
0635,177,0,0,177
0636,230,0,0,230
0637,239,0,0,239
0638,231,0,0,231
0639,227,0,0,227
0640,254,0,0,254
0641,244,0,0,244
0642,252,0,0,252
0643,215,0,0,215
0644,238,0,0,238
0645,255,22,0,277
0646,218,0,0,218
0647,191,0,0,191
0648,235,0,0,235
0649,236,0,0,236
0650,240,0,0,240
0651,218,0,0,218
0652,255,42,0,297
0653,255,15,0,270
0654,255,14,0,269
0655,255,37,0,292
0656,232,0,0,232
0657,255,14,0,269
0658,245,0,0,245
0659,210,0,0,210
0660,255,22,0,277
0661,255,12,0,267
0662,239,0,0,239
0663,255,58,0,313
0664,248,0,0,248
0665,235,0,0,235
0666,255,145,0,400
0667,255,13,0,268
0668,255,10,0,265
0669,255,6,0,261
0670,204,0,0,204
0671,223,0,0,223
0672,202,0,0,202
0673,204,0,0,204
0674,218,0,0,218
0675,173,0,0,173
0676,250,0,0,250
0677,250,0,0,250
0678,255,33,0,288
0679,220,0,0,220
0680,246,0,0,246
0681,224,0,0,224
0682,253,0,0,253
0683,255,14,0,269
0684,255,53,0,308
0685,235,0,0,235
0686,255,21,0,276
0687,232,0,0,232
0688,255,7,0,262
0689,255,46,0,301
0690,255,81,0,336
0691,255,94,0,349
0692,206,0,0,206
0693,221,0,0,221
0694,230,0,0,230
0695,255,6,0,261
0696,198,0,0,198
0697,246,0,0,246
0698,253,0,0,253
0699,249,0,0,249
0700,255,37,0,292
0701,255,134,0,389
0702,255,122,0,377
0703,255,121,0,376
0704,255,150,0,405
0705,255,119,0,374
0706,255,114,0,369
0707,255,182,0,437
0708,255,141,0,396
0709,255,130,0,385
0710,255,141,0,396
0711,255,160,0,415
0712,255,151,0,406
0713,255,125,0,380
0714,255,153,0,408
0715,255,124,0,379
0716,255,112,0,367
0717,255,134,0,389
0718,255,124,0,379
0719,255,126,0,381
0720,255,117,0,372
0721,255,146,0,401
0722,255,160,0,415
0723,255,138,0,393
0724,255,135,0,390
0725,255,135,0,390
0726,255,113,0,368
0727,255,136,0,391
0728,255,137,0,392
0729,255,137,0,392
0730,255,99,0,354
0731,255,121,0,376
0732,255,18,0,273
0733,239,0,0,239
0734,255,57,0,312
0735,215,0,0,215
0736,218,0,0,218
0737,247,0,0,247
0738,132,0,0,132
0739,235,0,0,235
0740,235,0,0,235
0741,255,55,0,310
0742,250,0,0,250
0743,212,0,0,212
0744,255,33,0,288
0745,221,0,0,221
0746,191,0,0,191
0747,255,34,0,289
0748,255,26,0,281
0749,213,0,0,213
0750,255,14,0,269
0751,221,0,0,221
0752,243,0,0,243
0753,253,0,0,253
0754,255,11,0,266
0755,252,0,0,252
0756,221,0,0,221
0757,250,0,0,250
0758,246,0,0,246
0759,255,4,0,259
0760,206,0,0,206
0761,244,0,0,244
0762,212,0,0,212
0763,185,0,0,185
0764,249,0,0,249
0765,239,0,0,239
0766,218,0,0,218
0767,200,0,0,200
0768,221,0,0,221
0769,255,13,0,268
0770,255,70,0,325
0771,255,14,0,269
0772,255,2,0,257
0773,245,0,0,245
0774,255,30,0,285
0775,255,46,0,301
0776,255,1,0,256
0777,255,87,0,342
0778,255,60,0,315
0779,255,29,0,284
0780,255,26,0,281
0781,230,0,0,230
0782,255,1,0,256
0783,255,41,0,296
0784,215,0,0,215
0785,252,0,0,252
0786,255,34,0,289
0787,255,3,0,258
0788,255,11,0,266
0789,255,75,0,330
0790,255,11,0,266
0791,240,0,0,240
0792,255,26,0,281
0793,193,0,0,193
0794,183,0,0,183
0795,224,0,0,224
0796,237,0,0,237
0797,242,0,0,242
0798,255,7,0,262
0799,255,1,0,256
0800,255,80,0,335
0801,255,119,0,374
0802,255,134,0,389
0803,255,122,0,377
0804,255,136,0,391
0805,255,131,0,386
0806,255,116,0,371
0807,255,144,0,399
0808,255,187,0,442
0809,255,150,0,405
0810,255,137,0,392
0811,255,152,0,407
0812,255,145,0,400
0813,255,147,0,402
0814,255,123,0,378
0815,255,197,0,452
0816,255,131,0,386
0817,255,124,0,379
0818,255,146,0,401
0819,255,115,0,370
0820,255,144,0,399
0821,255,118,0,373
0822,255,154,0,409
0823,255,135,0,390
0824,255,137,0,392
0825,255,142,0,397
0826,255,129,0,384
0827,255,121,0,376
0828,255,137,0,392
0829,255,151,0,406
0830,255,109,0,364
0831,255,127,0,382
0832,238,0,0,238
0833,236,0,0,236
0834,249,0,0,249
0835,245,0,0,245
0836,215,0,0,215
0837,230,0,0,230
0838,253,0,0,253
0839,204,0,0,204
0840,242,0,0,242
0841,255,2,0,257
0842,215,0,0,215
0843,223,0,0,223
0844,255,34,0,289
0845,220,0,0,220
0846,255,9,0,264
0847,185,0,0,185
0848,255,3,0,258
0849,227,0,0,227
0850,255,4,0,259
0851,227,0,0,227
0852,255,127,0,382
0853,220,0,0,220
0854,255,34,0,289
0855,215,0,0,215
0856,188,0,0,188
0857,232,0,0,232
0858,237,0,0,237
0859,149,0,0,149
0860,221,0,0,221
0861,231,0,0,231
0862,245,0,0,245
0863,231,0,0,231
0864,255,56,0,311
0865,255,37,0,292
0866,228,0,0,228
0867,231,0,0,231
0868,255,3,0,258
0869,255,18,0,273
0870,247,0,0,247
0871,255,28,0,283
0872,228,0,0,228
0873,255,3,0,258
0874,236,0,0,236
0875,246,0,0,246
0876,255,3,0,258
0877,255,6,0,261
0878,255,81,0,336
0879,255,80,0,335
0880,255,88,0,343
0881,240,0,0,240
0882,255,6,0,261
0883,251,0,0,251
0884,234,0,0,234
0885,255,19,0,274
0886,239,0,0,239
0887,242,0,0,242
0888,255,20,0,275
0889,255,39,0,294
0890,255,44,0,299
0891,255,17,0,272
0892,255,41,0,296
0893,251,0,0,251
0894,223,0,0,223
0895,244,0,0,244
0896,255,4,0,259
0897,255,25,0,280
0898,255,31,0,286
0899,234,0,0,234
0900,255,84,0,339
0901,255,131,0,386
0902,255,116,0,371
0903,255,123,0,378
0904,255,140,0,395
0905,255,118,0,373
0906,255,134,0,389
0907,255,226,0,481
0908,255,160,0,415
0909,255,255,33,543
0910,255,132,0,387
0911,255,170,0,425
0912,255,177,0,432
0913,255,147,0,402
0914,255,146,0,401
0915,255,144,0,399
0916,255,141,0,396
0917,255,154,0,409
0918,255,156,0,411
0919,255,145,0,400
0920,255,137,0,392
0921,255,141,0,396
0922,255,166,0,421
0923,255,158,0,413
0924,255,154,0,409
0925,255,142,0,397
0926,255,147,0,402
0927,255,157,0,412
0928,255,157,0,412
0929,255,148,0,403
0930,255,132,0,387
0931,255,30,0,285
0932,255,33,0,288
0933,255,73,0,328
0934,246,0,0,246
0935,255,12,0,267
0936,247,0,0,247
0937,255,32,0,287
0938,240,0,0,240
0939,255,5,0,260
0940,200,0,0,200
0941,238,0,0,238
0942,255,48,0,303
0943,255,12,0,267
0944,255,42,0,297
0945,255,46,0,301
0946,237,0,0,237
0947,210,0,0,210
0948,255,26,0,281
0949,221,0,0,221
0950,232,0,0,232
0951,255,11,0,266
0952,231,0,0,231
0953,242,0,0,242
0954,232,0,0,232
0955,255,31,0,286
0956,244,0,0,244
0957,255,37,0,292
0958,255,9,0,264
0959,255,18,0,273
0960,217,0,0,217
0961,210,0,0,210
0962,255,12,0,267
0963,255,20,0,275
0964,218,0,0,218
0965,250,0,0,250
0966,252,0,0,252
0967,239,0,0,239
0968,237,0,0,237
0969,255,35,0,290
0970,255,38,0,293
0971,236,0,0,236
0972,255,71,0,326
0973,255,16,0,271
0974,248,0,0,248
0975,226,0,0,226
0976,255,30,0,285
0977,255,48,0,303
0978,255,49,0,304
0979,255,104,0,359
0980,255,57,0,312
0981,255,27,0,282
0982,255,82,0,337
0983,244,0,0,244
0984,255,20,0,275
0985,255,70,0,325
0986,255,25,0,280
0987,255,255,8,518
0988,255,57,0,312
0989,255,48,0,303
0990,255,92,0,347
0991,255,24,0,279
0992,245,0,0,245
0993,248,0,0,248
0994,227,0,0,227
0995,255,24,0,279
0996,244,0,0,244
0997,255,35,0,290
0998,255,19,0,274
0999,255,98,0,353
1000,255,255,8,518
1001,255,242,0,497
1002,255,200,0,455
1003,255,202,0,457
1004,255,255,86,596
1005,255,192,0,447
1006,255,180,0,435
1007,255,214,0,469
1008,255,186,0,441
1009,255,192,0,447
1010,255,255,40,550
1011,255,215,0,470
1012,255,212,0,467
1013,255,198,0,453
1014,255,198,0,453
1015,255,187,0,442
1016,255,175,0,430
1017,255,189,0,444
1018,255,189,0,444
1019,255,188,0,443
1020,255,240,0,495
1021,255,197,0,452
1022,255,197,0,452
1023,255,227,0,482
1024,255,250,0,505
1025,255,212,0,467
1026,255,190,0,445
1027,255,198,0,453
1028,255,211,0,466
1029,255,234,0,489
1030,255,198,0,453
1031,255,192,0,447
1032,255,109,0,364
1033,255,98,0,353
1034,255,67,0,322
1035,255,100,0,355
1036,255,98,0,353
1037,255,95,0,350
1038,255,100,0,355
1039,255,27,0,282
1040,255,107,0,362
1041,255,104,0,359
1042,255,117,0,372
1043,255,75,0,330
1044,255,67,0,322
1045,255,62,0,317
1046,255,81,0,336
1047,255,89,0,344
1048,255,81,0,336
1049,255,57,0,312
1050,255,90,0,345
1051,255,76,0,331
1052,255,184,0,439
1053,255,82,0,337
1054,255,68,0,323
1055,255,88,0,343
1056,255,88,0,343
1057,255,93,0,348
1058,255,89,0,344
1059,255,51,0,306
1060,255,59,0,314
1061,255,45,0,300
1062,255,46,0,301
1063,255,79,0,334
1064,255,92,0,347
1065,255,81,0,336
1066,255,159,0,414
1067,255,96,0,351
1068,255,78,0,333
1069,255,106,0,361
1070,255,119,0,374
1071,255,81,0,336
1072,255,82,0,337
1073,255,81,0,336
1074,255,87,0,342
1075,255,74,0,329
1076,255,70,0,325
1077,255,88,0,343
1078,255,63,0,318
1079,255,92,0,347
1080,255,152,0,407
1081,255,64,0,319
1082,255,64,0,319
1083,255,91,0,346
1084,255,60,0,315
1085,255,49,0,304
1086,255,68,0,323
1087,255,74,0,329
1088,255,113,0,368
1089,255,70,0,325
1090,255,102,0,357
1091,255,59,0,314
1092,255,195,0,450
1093,255,48,0,303
1094,255,79,0,334
1095,255,66,0,321
1096,255,64,0,319
1097,255,32,0,287
1098,255,112,0,367
1099,255,66,0,321
1100,255,174,0,429
1101,255,197,0,452
1102,255,185,0,440
1103,255,190,0,445
1104,255,192,0,447
1105,255,184,0,439
1106,255,173,0,428
1107,255,176,0,431
1108,255,178,0,433
1109,255,171,0,426
1110,255,174,0,429
1111,255,255,223,733
1112,255,250,0,505
1113,255,204,0,459
1114,255,202,0,457
1115,255,192,0,447
1116,255,175,0,430
1117,255,192,0,447
1118,255,187,0,442
1119,255,192,0,447
1120,255,212,0,467
1121,255,233,0,488
1122,255,255,55,565
1123,255,255,0,510
1124,255,217,0,472
1125,255,213,0,468
1126,255,195,0,450
1127,255,193,0,448
1128,255,199,0,454
1129,255,190,0,445
1130,255,194,0,449
1131,255,106,0,361
1132,255,120,0,375
1133,255,198,0,453
1134,255,153,0,408
1135,255,107,0,362
1136,255,60,0,315
1137,255,84,0,339
1138,255,120,0,375
1139,255,92,0,347
1140,255,102,0,357
1141,255,104,0,359
1142,255,74,0,329
1143,255,98,0,353
1144,255,148,0,403
1145,255,110,0,365
1146,255,59,0,314
1147,255,112,0,367
1148,255,88,0,343
1149,255,102,0,357
1150,255,84,0,339
1151,255,91,0,346
1152,255,94,0,349
1153,255,88,0,343
1154,255,94,0,349
1155,255,139,0,394
1156,255,94,0,349
1157,255,82,0,337
1158,255,65,0,320
1159,255,85,0,340
1160,255,63,0,318
1161,255,69,0,324
1162,255,99,0,354
1163,255,81,0,336
1164,255,61,0,316
1165,255,61,0,316
1166,255,108,0,363
1167,255,87,0,342
1168,255,87,0,342
1169,255,93,0,348
1170,255,66,0,321
1171,255,79,0,334
1172,255,101,0,356
1173,255,86,0,341
1174,255,96,0,351
1175,255,108,0,363
1176,255,68,0,323
1177,255,140,0,395
1178,255,107,0,362
1179,255,77,0,332
1180,255,89,0,344
1181,255,72,0,327
1182,255,110,0,365
1183,255,60,0,315
1184,255,79,0,334
1185,255,101,0,356
1186,255,79,0,334
1187,255,110,0,365
1188,255,152,0,407
1189,255,67,0,322
1190,255,77,0,332
1191,255,88,0,343
1192,255,121,0,376
1193,255,63,0,318
1194,255,60,0,315
1195,255,52,0,307
1196,255,48,0,303
1197,255,73,0,328
1198,255,95,0,350
1199,255,143,0,398
1200,255,162,0,417
1201,255,187,0,442
1202,255,187,0,442
1203,255,192,0,447
1204,255,195,0,450
1205,255,201,0,456
1206,255,182,0,437
1207,255,182,0,437
1208,255,182,0,437
1209,255,209,0,464
1210,255,208,0,463
1211,255,217,0,472
1212,255,255,126,636
1213,255,235,0,490
1214,255,213,0,468
1215,255,200,0,455
1216,255,189,0,444
1217,255,191,0,446
1218,255,193,0,448
1219,255,180,0,435
1220,255,202,0,457
1221,255,251,0,506
1222,255,206,0,461
1223,255,239,0,494
1224,255,249,0,504
1225,255,247,0,502
1226,255,203,0,458
1227,255,209,0,464
1228,255,200,0,455
1229,255,188,0,443
1230,255,255,20,530
1231,255,255,10,520
1232,255,187,0,442
1233,255,255,0,510
1234,255,255,255,765
1235,255,246,0,501
1236,255,212,0,467
1237,255,129,0,384
1238,255,117,0,372
1239,255,115,0,370
1240,255,118,0,373
1241,255,111,0,366
1242,255,99,0,354
1243,255,181,0,436
1244,255,133,0,388
1245,255,224,0,479
1246,255,88,0,343
1247,255,103,0,358
1248,255,149,0,404
1249,255,87,0,342
1250,255,128,0,383
1251,255,79,0,334
1252,255,90,0,345
1253,255,102,0,357
1254,255,172,0,427
1255,255,126,0,381
1256,255,168,0,423
1257,255,96,0,351
1258,255,135,0,390
1259,255,74,0,329
1260,255,84,0,339
1261,255,58,0,313
1262,255,76,0,331
1263,255,84,0,339
1264,255,74,0,329
1265,255,81,0,336
1266,255,91,0,346
1267,255,78,0,333
1268,255,80,0,335
1269,255,130,0,385
1270,255,68,0,323
1271,255,60,0,315
1272,255,77,0,332
1273,255,79,0,334
1274,255,78,0,333
1275,255,81,0,336
1276,255,83,0,338
1277,255,95,0,350
1278,255,114,0,369
1279,255,83,0,338
1280,255,103,0,358
1281,255,67,0,322
1282,255,64,0,319
1283,255,75,0,330
1284,255,105,0,360
1285,255,81,0,336
1286,255,99,0,354
1287,255,58,0,313
1288,255,111,0,366
1289,255,113,0,368
1290,255,167,0,422
1291,255,55,0,310
1292,255,52,0,307
1293,255,53,0,308
1294,255,39,0,294
1295,255,71,0,326
1296,255,73,0,328
1297,255,85,0,340
1298,255,90,0,345
1299,255,97,0,352
1300,255,136,0,391
1301,255,119,0,374
1302,255,117,0,372
1303,255,118,0,373
1304,255,117,0,372
1305,255,123,0,378
1306,255,100,0,355
1307,255,114,0,369
1308,255,109,0,364
1309,255,119,0,374
1310,255,128,0,383
1311,255,148,0,403
1312,255,155,0,410
1313,255,255,44,554
1314,255,178,0,433
1315,255,121,0,376
1316,255,114,0,369
1317,255,118,0,373
1318,255,218,0,473
1319,255,104,0,359
1320,255,117,0,372
1321,255,172,0,427
1322,255,132,0,387
1323,255,159,0,414
1324,255,251,0,506
1325,255,133,0,388
1326,255,111,0,366
1327,255,93,0,348
1328,255,98,0,353
1329,255,127,0,382
1330,255,87,0,342
1331,255,159,0,414
1332,255,109,0,364
1333,255,124,0,379
1334,255,102,0,357
1335,255,82,0,337
1336,255,78,0,333
1337,255,88,0,343
1338,255,77,0,332
1339,255,75,0,330
1340,255,112,0,367
1341,255,71,0,326
1342,255,134,0,389
1343,255,73,0,328
1344,255,78,0,333
1345,255,144,0,399
1346,255,169,0,424
1347,255,108,0,363
1348,255,79,0,334
1349,255,83,0,338
1350,255,142,0,397
1351,255,82,0,337
1352,255,94,0,349
1353,255,73,0,328
1354,255,73,0,328
1355,255,77,0,332
1356,255,112,0,367
1357,255,255,1,511
1358,255,129,0,384
1359,255,115,0,370
1360,255,52,0,307
1361,255,70,0,325
1362,255,59,0,314
1363,255,66,0,321
1364,255,80,0,335
1365,255,79,0,334
1366,255,70,0,325
1367,255,58,0,313
1368,255,70,0,325
1369,255,166,0,421
1370,255,75,0,330
1371,255,69,0,324
1372,255,90,0,345
1373,255,29,0,284
1374,255,72,0,327
1375,255,106,0,361
1376,255,48,0,303
1377,255,90,0,345
1378,255,101,0,356
1379,255,193,0,448
1380,255,125,0,380
1381,255,70,0,325
1382,255,82,0,337
1383,255,51,0,306
1384,255,50,0,305
1385,255,85,0,340
1386,255,82,0,337
1387,255,70,0,325
1388,255,80,0,335
1389,255,60,0,315
1390,255,65,0,320
1391,255,73,0,328
1392,255,40,0,295
1393,255,36,0,291
1394,255,73,0,328
1395,255,48,0,303
1396,255,46,0,301
1397,255,134,0,389
1398,255,56,0,311
1399,255,82,0,337
1400,255,99,0,354
1401,255,108,0,363
1402,255,126,0,381
1403,255,108,0,363
1404,255,142,0,397
1405,255,100,0,355
1406,255,101,0,356
1407,255,117,0,372
1408,255,110,0,365
1409,255,101,0,356
1410,255,131,0,386
1411,255,154,0,409
1412,255,152,0,407
1413,255,102,0,357
1414,255,227,0,482
1415,255,156,0,411
1416,255,104,0,359
1417,255,106,0,361
1418,255,101,0,356
1419,255,71,0,326
1420,255,121,0,376
1421,255,103,0,358
1422,255,101,0,356
1423,255,176,0,431
1424,255,106,0,361
1425,255,131,0,386
1426,255,68,0,323
1427,255,82,0,337
1428,255,99,0,354
1429,255,86,0,341
1430,255,107,0,362
1431,255,100,0,355
1432,255,166,0,421
1433,255,95,0,350
1434,255,103,0,358
1435,255,127,0,382
1436,255,95,0,350
1437,255,150,0,405
1438,255,92,0,347
1439,255,31,0,286
1440,255,94,0,349
1441,255,130,0,385
1442,255,85,0,340
1443,255,83,0,338
1444,255,98,0,353
1445,255,50,0,305
1446,255,79,0,334
1447,255,76,0,331
1448,255,71,0,326
1449,255,39,0,294
1450,255,86,0,341
1451,255,86,0,341
1452,255,144,0,399
1453,255,162,0,417
1454,255,75,0,330
1455,255,70,0,325
1456,255,128,0,383
1457,255,89,0,344
1458,255,107,0,362
1459,255,76,0,331
1460,255,49,0,304
1461,255,59,0,314
1462,255,43,0,298
1463,255,68,0,323
1464,255,41,0,296
1465,255,45,0,300
1466,255,130,0,385
1467,255,71,0,326
1468,255,70,0,325
1469,255,132,0,387
1470,255,135,0,390
1471,255,116,0,371
1472,255,165,0,420
1473,255,49,0,304
1474,255,58,0,313
1475,255,90,0,345
1476,255,89,0,344
1477,255,110,0,365
1478,255,175,0,430
1479,255,108,0,363
1480,255,65,0,320
1481,255,56,0,311
1482,255,57,0,312
1483,255,38,0,293
1484,255,66,0,321
1485,255,60,0,315
1486,255,100,0,355
1487,255,61,0,316
1488,255,106,0,361
1489,255,72,0,327
1490,255,73,0,328
1491,255,30,0,285
1492,255,170,0,425
1493,255,29,0,284
1494,255,9,0,264
1495,255,21,0,276
1496,255,10,0,265
1497,255,40,0,295
1498,255,38,0,293
1499,255,22,0,277
1500,255,122,0,377
1501,255,111,0,366
1502,255,108,0,363
1503,255,109,0,364
1504,255,111,0,366
1505,255,111,0,366
1506,255,94,0,349
1507,255,97,0,352
1508,255,98,0,353
1509,255,93,0,348
1510,255,116,0,371
1511,255,122,0,377
1512,255,124,0,379
1513,255,77,0,332
1514,255,89,0,344
1515,255,230,0,485
1516,255,128,0,383
1517,255,95,0,350
1518,255,116,0,371
1519,255,71,0,326
1520,255,112,0,367
1521,255,97,0,352
1522,255,91,0,346
1523,255,117,0,372
1524,255,111,0,366
1525,255,130,0,385
1526,255,93,0,348
1527,255,65,0,320
1528,255,81,0,336
1529,255,44,0,299
1530,255,112,0,367
1531,255,86,0,341
1532,255,115,0,370
1533,255,77,0,332
1534,255,79,0,334
1535,255,78,0,333
1536,255,65,0,320
1537,255,79,0,334
1538,255,80,0,335
1539,255,39,0,294
1540,255,99,0,354
1541,255,120,0,375
1542,255,118,0,373
1543,255,69,0,324
1544,255,75,0,330
1545,255,99,0,354
1546,255,59,0,314
1547,255,60,0,315
1548,255,78,0,333
1549,255,23,0,278
1550,255,79,0,334
1551,255,105,0,360
1552,255,89,0,344
1553,255,61,0,316
1554,255,53,0,308
1555,255,133,0,388
1556,255,45,0,300
1557,255,22,0,277
1558,255,38,0,293
1559,255,94,0,349
1560,255,59,0,314
1561,255,50,0,305
1562,255,70,0,325
1563,255,68,0,323
1564,255,67,0,322
1565,255,52,0,307
1566,255,53,0,308
1567,255,92,0,347
1568,255,68,0,323
1569,255,81,0,336
1570,255,91,0,346
1571,255,62,0,317
1572,255,51,0,306
1573,255,58,0,313
1574,255,58,0,313
1575,255,89,0,344
1576,255,24,0,279
1577,255,59,0,314
1578,255,85,0,340
1579,255,84,0,339
1580,255,96,0,351
1581,255,31,0,286
1582,255,37,0,292
1583,255,80,0,335
1584,255,49,0,304
1585,255,55,0,310
1586,255,60,0,315
1587,255,57,0,312
1588,255,60,0,315
1589,255,100,0,355
1590,255,147,0,402
1591,255,76,0,331
1592,255,81,0,336
1593,255,74,0,329
1594,255,61,0,316
1595,255,110,0,365
1596,255,122,0,377
1597,255,100,0,355
1598,255,116,0,371
1599,255,98,0,353
1600,255,87,0,342
1601,255,89,0,344
1602,255,108,0,363
1603,255,104,0,359
1604,255,104,0,359
1605,255,92,0,347
1606,255,78,0,333
1607,255,77,0,332
1608,255,108,0,363
1609,255,84,0,339
1610,255,109,0,364
1611,255,103,0,358
1612,255,98,0,353
1613,255,62,0,317
1614,255,60,0,315
1615,255,61,0,316
1616,255,184,0,439
1617,255,97,0,352
1618,255,105,0,360
1619,255,65,0,320
1620,255,92,0,347
1621,255,87,0,342
1622,255,85,0,340
1623,255,114,0,369
1624,255,100,0,355
1625,255,61,0,316
1626,255,93,0,348
1627,255,72,0,327
1628,255,91,0,346
1629,255,56,0,311
1630,255,39,0,294
1631,255,58,0,313
1632,255,86,0,341
1633,255,48,0,303
1634,255,76,0,331
1635,255,52,0,307
1636,255,64,0,319
1637,255,63,0,318
1638,255,58,0,313
1639,255,16,0,271
1640,255,38,0,293
1641,255,51,0,306
1642,255,47,0,302
1643,255,53,0,308
1644,255,61,0,316
1645,255,44,0,299
1646,255,9,0,264
1647,255,49,0,304
1648,255,57,0,312
1649,255,47,0,302
1650,255,34,0,289
1651,255,27,0,282
1652,255,106,0,361
1653,255,25,0,280
1654,255,80,0,335
1655,255,33,0,288
1656,255,9,0,264
1657,255,48,0,303
1658,255,18,0,273
1659,255,41,0,296
1660,255,12,0,267
1661,255,70,0,325
1662,255,32,0,287
1663,255,58,0,313
1664,255,106,0,361
1665,255,104,0,359
1666,255,87,0,342
1667,255,28,0,283
1668,255,59,0,314
1669,255,62,0,317
1670,255,64,0,319
1671,255,52,0,307
1672,255,19,0,274
1673,255,25,0,280
1674,255,51,0,306
1675,255,53,0,308
1676,255,39,0,294
1677,255,51,0,306
1678,255,74,0,329
1679,255,52,0,307
1680,255,67,0,322
1681,255,36,0,291
1682,255,55,0,310
1683,255,44,0,299
1684,255,69,0,324
1685,255,43,0,298
1686,255,64,0,319
1687,255,48,0,303
1688,255,113,0,368
1689,255,46,0,301
1690,255,78,0,333
1691,255,51,0,306
1692,255,59,0,314
1693,248,0,0,248
1694,255,2,0,257
1695,255,21,0,276
1696,255,34,0,289
1697,255,29,0,284
1698,255,10,0,265
1699,255,84,0,339
1700,255,93,0,348
1701,255,206,0,461
1702,255,91,0,346
1703,255,98,0,353
1704,255,93,0,348
1705,255,96,0,351
1706,255,83,0,338
1707,255,114,0,369
1708,255,84,0,339
1709,255,103,0,358
1710,255,120,0,375
1711,255,124,0,379
1712,255,102,0,357
1713,255,93,0,348
1714,255,76,0,331
1715,255,53,0,308
1716,255,52,0,307
1717,255,205,0,460
1718,255,110,0,365
1719,255,106,0,361
1720,255,80,0,335
1721,255,87,0,342
1722,255,88,0,343
1723,255,74,0,329
1724,255,67,0,322
1725,255,92,0,347
1726,255,78,0,333
1727,255,81,0,336
1728,255,102,0,357
1729,255,70,0,325
1730,255,133,0,388
1731,255,50,0,305
1732,255,103,0,358
1733,255,71,0,326
1734,255,51,0,306
1735,255,71,0,326
1736,255,57,0,312
1737,255,26,0,281
1738,255,12,0,267
1739,255,87,0,342
1740,255,66,0,321
1741,255,28,0,283
1742,255,41,0,296
1743,255,44,0,299
1744,255,68,0,323
1745,255,60,0,315
1746,255,22,0,277
1747,255,52,0,307
1748,255,23,0,278
1749,255,8,0,263
1750,255,60,0,315
1751,255,13,0,268
1752,255,2,0,257
1753,255,29,0,284
1754,255,79,0,334
1755,255,35,0,290
1756,255,34,0,289
1757,255,18,0,273
1758,255,16,0,271
1759,255,32,0,287
1760,255,61,0,316
1761,255,28,0,283
1762,255,8,0,263
1763,255,32,0,287
1764,255,25,0,280
1765,255,30,0,285
1766,255,20,0,275
1767,255,43,0,298
1768,255,32,0,287
1769,255,42,0,297
1770,255,61,0,316
1771,255,97,0,352
1772,255,48,0,303
1773,255,59,0,314
1774,255,81,0,336
1775,255,110,0,365
1776,255,158,0,413
1777,255,89,0,344
1778,255,93,0,348
1779,255,16,0,271
1780,255,46,0,301
1781,255,80,0,335
1782,255,31,0,286
1783,255,69,0,324
1784,255,46,0,301
1785,255,55,0,310
1786,255,50,0,305
1787,255,61,0,316
1788,255,89,0,344
1789,255,121,0,376
1790,255,75,0,330
1791,255,18,0,273
1792,255,35,0,290
1793,255,131,0,386
1794,255,2,0,257
1795,255,2,0,257
1796,255,9,0,264
1797,255,25,0,280
1798,255,28,0,283
1799,255,38,0,293
1800,255,144,0,399
1801,255,92,0,347
1802,255,84,0,339
1803,255,107,0,362
1804,255,98,0,353
1805,255,93,0,348
1806,255,84,0,339
1807,255,97,0,352
1808,255,96,0,351
1809,255,141,0,396
1810,255,112,0,367
1811,255,99,0,354
1812,255,153,0,408
1813,255,60,0,315
1814,255,83,0,338
1815,255,73,0,328
1816,255,53,0,308
1817,255,53,0,308
1818,255,255,23,533
1819,255,108,0,363
1820,255,114,0,369
1821,255,125,0,380
1822,255,93,0,348
1823,255,81,0,336
1824,255,84,0,339
1825,255,77,0,332
1826,255,59,0,314
1827,255,80,0,335
1828,255,103,0,358
1829,255,75,0,330
1830,255,78,0,333
1831,255,34,0,289
1832,255,83,0,338
1833,255,45,0,300
1834,255,56,0,311
1835,255,66,0,321
1836,255,115,0,370
1837,255,45,0,300
1838,255,58,0,313
1839,255,27,0,282
1840,255,77,0,332
1841,255,53,0,308
1842,255,50,0,305
1843,255,11,0,266
1844,255,71,0,326
1845,255,60,0,315
1846,255,20,0,275
1847,249,0,0,249
1848,255,59,0,314
1849,255,47,0,302
1850,255,79,0,334
1851,255,33,0,288
1852,255,76,0,331
1853,255,42,0,297
1854,255,33,0,288
1855,255,44,0,299
1856,255,44,0,299
1857,255,28,0,283
1858,255,30,0,285
1859,255,0,0,255
1860,255,89,0,344
1861,255,53,0,308
1862,255,58,0,313
1863,255,45,0,300
1864,255,58,0,313
1865,255,52,0,307
1866,255,35,0,290
1867,255,32,0,287
1868,255,16,0,271
1869,255,66,0,321
1870,255,86,0,341
1871,255,52,0,307
1872,255,43,0,298
1873,255,44,0,299
1874,255,53,0,308
1875,255,73,0,328
1876,255,88,0,343
1877,255,109,0,364
1878,255,44,0,299
1879,255,96,0,351
1880,255,65,0,320
1881,255,123,0,378
1882,255,73,0,328
1883,255,75,0,330
1884,255,55,0,310
1885,255,62,0,317
1886,255,63,0,318
1887,255,88,0,343
1888,255,119,0,374
1889,255,71,0,326
1890,255,79,0,334
1891,255,43,0,298
1892,255,115,0,370
1893,255,70,0,325
1894,255,48,0,303
1895,255,37,0,292
1896,255,48,0,303
1897,255,67,0,322
1898,255,69,0,324
1899,255,90,0,345
1900,255,123,0,378
1901,255,101,0,356
1902,255,115,0,370
1903,255,121,0,376
1904,255,110,0,365
1905,255,136,0,391
1906,255,108,0,363
1907,255,153,0,408
1908,255,131,0,386
1909,255,110,0,365
1910,255,112,0,367
1911,255,147,0,402
1912,255,110,0,365
1913,255,96,0,351
1914,255,145,0,400
1915,255,84,0,339
1916,255,74,0,329
1917,255,114,0,369
1918,255,102,0,357
1919,255,206,0,461
1920,255,125,0,380
1921,255,89,0,344
1922,255,101,0,356
1923,255,103,0,358
1924,255,100,0,355
1925,255,122,0,377
1926,255,88,0,343
1927,255,104,0,359
1928,255,140,0,395
1929,255,115,0,370
1930,255,102,0,357
1931,255,80,0,335
1932,255,115,0,370
1933,255,128,0,383
1934,255,100,0,355
1935,255,109,0,364
1936,255,118,0,373
1937,255,147,0,402
1938,255,128,0,383
1939,255,141,0,396
1940,255,149,0,404
1941,255,154,0,409
1942,255,180,0,435
1943,255,151,0,406
1944,255,152,0,407
1945,255,198,0,453
1946,255,154,0,409
1947,255,163,0,418
1948,255,163,0,418
1949,255,170,0,425
1950,255,175,0,430
1951,255,176,0,431
1952,255,177,0,432
1953,255,184,0,439
1954,255,183,0,438
1955,255,199,0,454
1956,255,202,0,457
1957,255,204,0,459
1958,255,192,0,447
1959,255,205,0,460
1960,255,198,0,453
1961,255,190,0,445
1962,255,202,0,457
1963,255,215,0,470
1964,255,221,0,476
1965,255,214,0,469
1966,255,226,0,481
1967,255,226,0,481
1968,255,222,0,477
1969,255,248,0,503
1970,255,230,0,485
1971,255,226,0,481
1972,255,231,0,486
1973,255,235,0,490
1974,255,236,0,491
1975,255,237,0,492
1976,255,235,0,490
1977,255,236,0,491
1978,255,243,0,498
1979,255,244,0,499
1980,255,238,0,493
1981,255,238,0,493
1982,255,245,0,500
1983,255,245,0,500
1984,255,255,16,526
1985,255,255,12,522
1986,255,255,15,525
1987,255,255,9,519
1988,255,253,0,508
1989,255,230,0,485
1990,255,205,0,460
1991,255,188,0,443
1992,255,173,0,428
1993,255,152,0,407
1994,255,154,0,409
1995,255,150,0,405
1996,255,154,0,409
1997,255,154,0,409
1998,255,184,0,439
1999,255,255,9,519
2000,255,255,86,596
2001,255,255,41,551
2002,255,255,7,517
2003,255,179,0,434
2004,255,176,0,431
2005,255,152,0,407
2006,255,137,0,392
2007,255,125,0,380
2008,255,153,0,408
2009,255,108,0,363
2010,255,156,0,411
2011,255,134,0,389
2012,255,129,0,384
2013,255,112,0,367
2014,255,84,0,339
2015,255,105,0,360
2016,255,72,0,327
2017,255,73,0,328
2018,255,66,0,321
2019,255,77,0,332
2020,255,235,0,490
2021,255,114,0,369
2022,255,103,0,358
2023,255,101,0,356
2024,255,93,0,348
2025,255,99,0,354
2026,255,91,0,346
2027,255,74,0,329
2028,255,73,0,328
2029,255,60,0,315
2030,255,105,0,360
2031,255,59,0,314
2032,255,57,0,312
2033,255,64,0,319
2034,255,56,0,311
2035,255,52,0,307
2036,255,18,0,273
2037,255,19,0,274
2038,255,26,0,281
2039,255,24,0,279
2040,255,96,0,351
2041,255,18,0,273
2042,255,20,0,275
2043,255,13,0,268
2044,255,60,0,315
2045,255,88,0,343
2046,255,95,0,350
2047,255,58,0,313
2048,255,46,0,301
2049,255,48,0,303
2050,255,95,0,350
2051,236,0,0,236
2052,255,72,0,327
2053,255,8,0,263
2054,255,33,0,288
2055,255,59,0,314
2056,255,48,0,303
2057,255,50,0,305
2058,255,30,0,285
2059,255,18,0,273
2060,255,59,0,314
2061,255,26,0,281
2062,255,16,0,271
2063,255,73,0,328
2064,255,50,0,305
2065,255,51,0,306
2066,255,35,0,290
2067,255,67,0,322
2068,255,30,0,285
2069,255,39,0,294
2070,255,48,0,303
2071,255,22,0,277
2072,255,20,0,275
2073,255,14,0,269
2074,255,21,0,276
2075,255,20,0,275
2076,239,0,0,239
2077,255,47,0,302
2078,255,21,0,276
2079,255,21,0,276
2080,255,104,0,359
2081,255,6,0,261
2082,255,31,0,286
2083,255,16,0,271
2084,255,38,0,293
2085,255,61,0,316
2086,255,28,0,283
2087,255,4,0,259
2088,255,56,0,311
2089,255,28,0,283
2090,255,57,0,312
2091,255,25,0,280
2092,255,32,0,287
2093,255,44,0,299
2094,255,103,0,358
2095,255,38,0,293
2096,240,0,0,240
2097,255,23,0,278
2098,255,10,0,265
2099,255,69,0,324
2100,255,128,0,383
2101,255,119,0,374
2102,255,103,0,358
2103,255,154,0,409
2104,255,138,0,393
2105,255,121,0,376
2106,255,100,0,355
2107,255,108,0,363
2108,255,101,0,356
2109,255,109,0,364
2110,255,144,0,399
2111,255,141,0,396
2112,255,252,0,507
2113,255,96,0,351
2114,255,103,0,358
2115,255,99,0,354
2116,255,75,0,330
2117,255,89,0,344
2118,255,82,0,337
2119,255,95,0,350
2120,255,105,0,360
2121,255,253,0,508
2122,255,131,0,386
2123,255,150,0,405
2124,255,112,0,367
2125,255,93,0,348
2126,255,109,0,364
2127,255,70,0,325
2128,255,69,0,324
2129,255,70,0,325
2130,255,104,0,359
2131,255,132,0,387
2132,255,107,0,362
2133,255,119,0,374
2134,255,130,0,385
2135,255,91,0,346
2136,255,99,0,354
2137,255,63,0,318
2138,255,68,0,323
2139,255,54,0,309
2140,255,80,0,335
2141,255,88,0,343
2142,255,79,0,334
2143,255,110,0,365
2144,255,95,0,350
2145,255,84,0,339
2146,255,52,0,307
2147,255,70,0,325
2148,255,77,0,332
2149,255,54,0,309
2150,255,92,0,347
2151,255,52,0,307
2152,255,25,0,280
2153,255,60,0,315
2154,255,69,0,324
2155,255,57,0,312
2156,255,57,0,312
2157,255,69,0,324
2158,255,34,0,289
2159,255,42,0,297
2160,255,64,0,319
2161,255,52,0,307
2162,255,53,0,308
2163,255,44,0,299
2164,255,77,0,332
2165,255,55,0,310
2166,255,44,0,299
2167,255,36,0,291
2168,255,51,0,306
2169,255,86,0,341
2170,255,67,0,322
2171,255,43,0,298
2172,255,30,0,285
2173,255,26,0,281
2174,255,54,0,309
2175,255,51,0,306
2176,255,30,0,285
2177,255,73,0,328
2178,255,51,0,306
2179,255,53,0,308
2180,255,82,0,337
2181,255,65,0,320
2182,255,43,0,298
2183,255,26,0,281
2184,255,38,0,293
2185,255,63,0,318
2186,255,42,0,297
2187,255,93,0,348
2188,255,63,0,318
2189,255,39,0,294
2190,255,41,0,296
2191,255,15,0,270
2192,255,68,0,323
2193,255,38,0,293
2194,255,11,0,266
2195,255,36,0,291
2196,255,48,0,303
2197,255,38,0,293
2198,255,33,0,288
2199,255,56,0,311
2200,255,107,0,362
2201,255,107,0,362
2202,255,140,0,395
2203,255,106,0,361
2204,255,115,0,370
2205,255,129,0,384
2206,255,96,0,351
2207,255,102,0,357
2208,255,108,0,363
2209,255,93,0,348
2210,255,151,0,406
2211,255,178,0,433
2212,255,150,0,405
2213,255,113,0,368
2214,255,97,0,352
2215,255,108,0,363
2216,255,77,0,332
2217,255,86,0,341
2218,255,108,0,363
2219,255,77,0,332
2220,255,75,0,330
2221,255,102,0,357
2222,255,255,76,586
2223,255,124,0,379
2224,255,87,0,342
2225,255,99,0,354
2226,255,138,0,393
2227,255,69,0,324
2228,255,88,0,343
2229,255,100,0,355
2230,255,115,0,370
2231,255,99,0,354
2232,255,112,0,367
2233,255,176,0,431
2234,255,120,0,375
2235,255,113,0,368
2236,255,120,0,375
2237,255,84,0,339
2238,255,58,0,313
2239,255,59,0,314
2240,255,70,0,325
2241,255,92,0,347
2242,255,88,0,343
2243,255,86,0,341
2244,255,155,0,410
2245,255,87,0,342
2246,255,61,0,316
2247,255,50,0,305
2248,255,63,0,318
2249,255,31,0,286
2250,255,61,0,316
2251,255,66,0,321
2252,255,88,0,343
2253,255,53,0,308
2254,255,53,0,308
2255,255,137,0,392
2256,255,55,0,310
2257,255,88,0,343
2258,255,128,0,383
2259,255,38,0,293
2260,255,36,0,291
2261,255,21,0,276
2262,255,57,0,312
2263,255,76,0,331
2264,255,43,0,298
2265,255,70,0,325
2266,255,92,0,347
2267,255,34,0,289
2268,255,53,0,308
2269,255,81,0,336
2270,255,22,0,277
2271,255,28,0,283
2272,255,96,0,351
2273,255,46,0,301
2274,255,76,0,331
2275,255,65,0,320
2276,255,65,0,320
2277,255,111,0,366
2278,255,61,0,316
2279,255,76,0,331
2280,255,85,0,340
2281,255,47,0,302
2282,255,61,0,316
2283,255,42,0,297
2284,255,60,0,315
2285,255,63,0,318
2286,255,76,0,331
2287,255,67,0,322
2288,255,119,0,374
2289,255,43,0,298
2290,255,91,0,346
2291,255,47,0,302
2292,255,42,0,297
2293,255,6,0,261
2294,255,56,0,311
2295,255,38,0,293
2296,255,30,0,285
2297,255,46,0,301
2298,255,67,0,322
2299,255,61,0,316
2300,255,99,0,354
2301,255,117,0,372
2302,255,103,0,358
2303,255,110,0,365
2304,255,116,0,371
2305,255,98,0,353
2306,255,110,0,365
2307,255,104,0,359
2308,255,104,0,359
2309,255,100,0,355
2310,255,131,0,386
2311,255,145,0,400
2312,255,142,0,397
2313,255,114,0,369
2314,255,141,0,396
2315,255,89,0,344
2316,255,101,0,356
2317,255,71,0,326
2318,255,100,0,355
2319,255,81,0,336
2320,255,68,0,323
2321,255,111,0,366
2322,255,107,0,362
2323,255,255,6,516
2324,255,126,0,381
2325,255,98,0,353
2326,255,109,0,364
2327,255,106,0,361
2328,255,76,0,331
2329,255,60,0,315
2330,255,81,0,336
2331,255,100,0,355
2332,255,149,0,404
2333,255,126,0,381
2334,255,108,0,363
2335,255,79,0,334
2336,255,83,0,338
2337,255,96,0,351
2338,255,68,0,323
2339,255,29,0,284
2340,255,76,0,331
2341,255,141,0,396
2342,255,86,0,341
2343,255,71,0,326
2344,255,87,0,342
2345,255,235,0,490
2346,255,79,0,334
2347,255,60,0,315
2348,255,57,0,312
2349,255,54,0,309
2350,255,57,0,312
2351,255,64,0,319
2352,255,42,0,297
2353,255,53,0,308
2354,255,68,0,323
2355,255,78,0,333
2356,255,152,0,407
2357,255,128,0,383
2358,255,92,0,347
2359,255,44,0,299
2360,255,67,0,322
2361,255,36,0,291
2362,255,73,0,328
2363,255,38,0,293
2364,255,48,0,303
2365,255,95,0,350
2366,255,76,0,331
2367,255,90,0,345
2368,255,60,0,315
2369,255,123,0,378
2370,255,47,0,302
2371,255,37,0,292
2372,255,15,0,270
2373,255,38,0,293
2374,255,52,0,307
2375,255,63,0,318
2376,255,29,0,284
2377,255,66,0,321
2378,255,88,0,343
2379,255,64,0,319
2380,255,55,0,310
2381,255,21,0,276
2382,255,30,0,285
2383,255,19,0,274
2384,255,37,0,292
2385,255,72,0,327
2386,255,42,0,297
2387,255,42,0,297
2388,255,46,0,301
2389,255,85,0,340
2390,255,71,0,326
2391,255,75,0,330
2392,255,12,0,267
2393,255,16,0,271
2394,243,0,0,243
2395,255,46,0,301
2396,255,21,0,276
2397,255,9,0,264
2398,255,36,0,291
2399,255,67,0,322
2400,255,91,0,346
2401,255,119,0,374
2402,255,95,0,350
2403,255,91,0,346
2404,255,98,0,353
2405,255,102,0,357
2406,255,100,0,355
2407,255,96,0,351
2408,255,93,0,348
2409,255,83,0,338
2410,255,117,0,372
2411,255,124,0,379
2412,255,150,0,405
2413,255,108,0,363
2414,255,81,0,336
2415,255,94,0,349
2416,255,81,0,336
2417,255,99,0,354
2418,255,69,0,324
2419,255,65,0,320
2420,255,70,0,325
2421,255,69,0,324
2422,255,89,0,344
2423,255,87,0,342
2424,255,234,0,489
2425,255,124,0,379
2426,255,88,0,343
2427,255,71,0,326
2428,255,88,0,343
2429,255,82,0,337
2430,255,92,0,347
2431,255,80,0,335
2432,255,68,0,323
2433,255,70,0,325
2434,255,89,0,344
2435,255,91,0,346
2436,255,76,0,331
2437,255,48,0,303
2438,255,43,0,298
2439,255,61,0,316
2440,255,37,0,292
2441,255,93,0,348
2442,255,124,0,379
2443,255,58,0,313
2444,255,53,0,308
2445,255,38,0,293
2446,255,28,0,283
2447,255,47,0,302
2448,255,77,0,332
2449,255,29,0,284
2450,255,67,0,322
2451,255,59,0,314
2452,255,62,0,317
2453,255,48,0,303
2454,255,55,0,310
2455,255,90,0,345
2456,255,114,0,369
2457,255,60,0,315
2458,255,65,0,320
2459,255,42,0,297
2460,255,61,0,316
2461,255,58,0,313
2462,255,62,0,317
2463,255,41,0,296
2464,255,95,0,350
2465,255,64,0,319
2466,255,89,0,344
2467,255,82,0,337
2468,255,255,9,519
2469,255,148,0,403
2470,255,68,0,323
2471,255,27,0,282
2472,255,55,0,310
2473,255,47,0,302
2474,255,63,0,318
2475,255,61,0,316
2476,255,29,0,284
2477,255,80,0,335
2478,255,61,0,316
2479,255,72,0,327
2480,255,86,0,341
2481,255,73,0,328
2482,255,87,0,342
2483,255,55,0,310
2484,255,46,0,301
2485,255,52,0,307
2486,255,164,0,419
2487,255,46,0,301
2488,255,82,0,337
2489,255,49,0,304
2490,255,39,0,294
2491,255,44,0,299
2492,255,25,0,280
2493,204,0,0,204
2494,255,6,0,261
2495,255,40,0,295
2496,255,26,0,281
2497,255,50,0,305
2498,255,31,0,286
2499,255,29,0,284
2500,255,120,0,375
2501,255,145,0,400
2502,255,95,0,350
2503,255,102,0,357
2504,255,98,0,353
2505,255,109,0,364
2506,255,90,0,345
2507,255,106,0,361
2508,255,112,0,367
2509,255,92,0,347
2510,255,160,0,415
2511,255,127,0,382
2512,255,117,0,372
2513,255,112,0,367
2514,255,117,0,372
2515,255,77,0,332
2516,255,76,0,331
2517,255,67,0,322
2518,255,66,0,321
2519,255,83,0,338
2520,255,98,0,353
2521,255,71,0,326
2522,255,87,0,342
2523,255,81,0,336
2524,255,66,0,321
2525,255,233,0,488
2526,255,110,0,365
2527,255,111,0,366
2528,255,76,0,331
2529,255,80,0,335
2530,255,61,0,316
2531,255,84,0,339
2532,255,56,0,311
2533,255,70,0,325
2534,255,68,0,323
2535,255,62,0,317
2536,255,64,0,319
2537,255,32,0,287
2538,255,30,0,285
2539,255,93,0,348
2540,255,39,0,294
2541,255,74,0,329
2542,255,46,0,301
2543,255,52,0,307
2544,255,34,0,289
2545,255,69,0,324
2546,255,68,0,323
2547,255,55,0,310
2548,255,67,0,322
2549,255,16,0,271
2550,255,69,0,324
2551,255,49,0,304
2552,255,103,0,358
2553,255,9,0,264
2554,255,66,0,321
2555,255,76,0,331
2556,255,30,0,285
2557,255,32,0,287
2558,255,39,0,294
2559,255,16,0,271
2560,255,41,0,296
2561,255,48,0,303
2562,255,38,0,293
2563,255,75,0,330
2564,255,42,0,297
2565,255,62,0,317
2566,255,59,0,314
2567,255,50,0,305
2568,255,67,0,322
2569,255,83,0,338
2570,255,58,0,313
2571,255,42,0,297
2572,255,42,0,297
2573,255,32,0,287
2574,255,88,0,343
2575,255,95,0,350
2576,255,68,0,323
2577,255,52,0,307
2578,255,55,0,310
2579,255,88,0,343
2580,255,255,30,540
2581,255,38,0,293
2582,255,64,0,319
2583,255,70,0,325
2584,255,41,0,296
2585,255,65,0,320
2586,255,53,0,308
2587,255,78,0,333
2588,255,115,0,370
2589,255,100,0,355
2590,255,76,0,331
2591,255,29,0,284
2592,255,16,0,271
2593,255,12,0,267
2594,255,6,0,261
2595,255,33,0,288
2596,255,16,0,271
2597,255,6,0,261
2598,255,19,0,274
2599,255,41,0,296
2600,255,78,0,333
2601,255,76,0,331
2602,255,65,0,320
2603,255,89,0,344
2604,255,88,0,343
2605,255,76,0,331
2606,255,96,0,351
2607,255,82,0,337
2608,255,75,0,330
2609,255,92,0,347
2610,255,106,0,361
2611,255,109,0,364
2612,255,102,0,357
2613,255,69,0,324
2614,255,60,0,315
2615,255,63,0,318
2616,255,40,0,295
2617,255,52,0,307
2618,255,39,0,294
2619,255,16,0,271
2620,255,65,0,320
2621,255,58,0,313
2622,255,93,0,348
2623,255,49,0,304
2624,255,67,0,322
2625,255,76,0,331
2626,255,189,0,444
2627,255,90,0,345
2628,255,79,0,334
2629,255,40,0,295
2630,255,38,0,293
2631,255,45,0,300
2632,255,34,0,289
2633,255,95,0,350
2634,255,36,0,291
2635,255,48,0,303
2636,255,46,0,301
2637,255,33,0,288
2638,255,3,0,258
2639,255,65,0,320
2640,255,20,0,275
2641,255,26,0,281
2642,255,38,0,293
2643,255,24,0,279
2644,255,38,0,293
2645,255,38,0,293
2646,255,37,0,292
2647,255,43,0,298
2648,255,50,0,305
2649,255,21,0,276
2650,255,49,0,304
2651,255,3,0,258
2652,255,56,0,311
2653,255,70,0,325
2654,255,38,0,293
2655,255,6,0,261
2656,255,31,0,286
2657,255,52,0,307
2658,255,46,0,301
2659,255,37,0,292
2660,255,19,0,274
2661,255,39,0,294
2662,255,105,0,360
2663,255,67,0,322
2664,255,43,0,298
2665,255,54,0,309
2666,255,68,0,323
2667,255,58,0,313
2668,255,53,0,308
2669,255,57,0,312
2670,255,28,0,283
2671,255,21,0,276
2672,253,0,0,253
2673,255,18,0,273
2674,255,36,0,291
2675,255,17,0,272
2676,255,33,0,288
2677,255,48,0,303
2678,255,31,0,286
2679,255,45,0,300
2680,255,33,0,288
2681,255,13,0,268
2682,255,2,0,257
2683,255,16,0,271
2684,255,106,0,361
2685,255,35,0,290
2686,255,57,0,312
2687,255,32,0,287
2688,255,58,0,313
2689,255,83,0,338
2690,255,24,0,279
2691,255,41,0,296
2692,249,0,0,249
2693,245,0,0,245
2694,255,27,0,282
2695,255,16,0,271
2696,255,6,0,261
2697,255,3,0,258
2698,255,24,0,279
2699,255,12,0,267
2700,255,60,0,315
2701,255,79,0,334
2702,255,57,0,312
2703,255,93,0,348
2704,255,85,0,340
2705,255,87,0,342
2706,255,81,0,336
2707,255,108,0,363
2708,255,91,0,346
2709,255,85,0,340
2710,255,99,0,354
2711,255,103,0,358
2712,255,109,0,364
2713,255,50,0,305
2714,255,83,0,338
2715,255,58,0,313
2716,255,38,0,293
2717,255,48,0,303
2718,255,57,0,312
2719,255,71,0,326
2720,255,48,0,303
2721,255,49,0,304
2722,255,70,0,325
2723,255,77,0,332
2724,255,30,0,285
2725,255,48,0,303
2726,255,38,0,293
2727,255,185,0,440
2728,255,93,0,348
2729,255,66,0,321
2730,255,36,0,291
2731,255,38,0,293
2732,255,9,0,264
2733,255,69,0,324
2734,255,10,0,265
2735,255,5,0,260
2736,255,38,0,293
2737,255,46,0,301
2738,255,19,0,274
2739,255,15,0,270
2740,255,41,0,296
2741,255,2,0,257
2742,254,0,0,254
2743,255,8,0,263
2744,255,31,0,286
2745,255,14,0,269
2746,255,0,0,255
2747,255,39,0,294
2748,255,28,0,283
2749,255,3,0,258
2750,255,49,0,304
2751,255,14,0,269
2752,255,41,0,296
2753,255,1,0,256
2754,255,33,0,288
2755,255,64,0,319
2756,255,17,0,272
2757,255,24,0,279
2758,255,22,0,277
2759,255,42,0,297
2760,255,16,0,271
2761,255,2,0,257
2762,255,36,0,291
2763,255,16,0,271
2764,255,2,0,257
2765,255,2,0,257
2766,255,37,0,292
2767,255,63,0,318
2768,250,0,0,250
2769,255,19,0,274
2770,255,9,0,264
2771,255,26,0,281
2772,255,93,0,348
2773,255,53,0,308
2774,255,21,0,276
2775,255,28,0,283
2776,255,18,0,273
2777,255,87,0,342
2778,255,33,0,288
2779,255,62,0,317
2780,255,21,0,276
2781,255,46,0,301
2782,255,5,0,260
2783,255,33,0,288
2784,255,36,0,291
2785,255,24,0,279
2786,255,13,0,268
2787,255,44,0,299
2788,255,31,0,286
2789,255,61,0,316
2790,255,38,0,293
2791,255,42,0,297
2792,255,31,0,286
2793,246,0,0,246
2794,255,34,0,289
2795,255,41,0,296
2796,255,9,0,264
2797,255,2,0,257
2798,255,19,0,274
2799,255,41,0,296
2800,255,59,0,314
2801,255,89,0,344
2802,255,95,0,350
2803,255,68,0,323
2804,255,85,0,340
2805,255,70,0,325
2806,255,83,0,338
2807,255,69,0,324
2808,255,88,0,343
2809,255,75,0,330
2810,255,92,0,347
2811,255,109,0,364
2812,255,89,0,344
2813,255,63,0,318
2814,255,52,0,307
2815,255,53,0,308
2816,255,78,0,333
2817,255,50,0,305
2818,255,58,0,313
2819,255,64,0,319
2820,255,55,0,310
2821,255,42,0,297
2822,255,40,0,295
2823,255,53,0,308
2824,255,45,0,300
2825,255,53,0,308
2826,255,23,0,278
2827,255,44,0,299
2828,255,176,0,431
2829,255,76,0,331
2830,255,43,0,298
2831,255,43,0,298
2832,255,24,0,279
2833,255,50,0,305
2834,255,62,0,317
2835,255,28,0,283
2836,255,24,0,279
2837,255,55,0,310
2838,255,19,0,274
2839,255,63,0,318
2840,255,31,0,286
2841,255,35,0,290
2842,255,42,0,297
2843,238,0,0,238
2844,255,3,0,258
2845,255,12,0,267
2846,255,87,0,342
2847,255,18,0,273
2848,255,182,0,437
2849,255,14,0,269
2850,255,42,0,297
2851,244,0,0,244
2852,255,19,0,274
2853,255,47,0,302
2854,255,5,0,260
2855,255,79,0,334
2856,255,58,0,313
2857,249,0,0,249
2858,255,24,0,279
2859,249,0,0,249
2860,255,5,0,260
2861,255,29,0,284
2862,250,0,0,250
2863,255,2,0,257
2864,255,69,0,324
2865,255,12,0,267
2866,255,46,0,301
2867,247,0,0,247
2868,255,67,0,322
2869,255,42,0,297
2870,255,2,0,257
2871,255,32,0,287
2872,255,12,0,267
2873,255,51,0,306
2874,255,13,0,268
2875,255,38,0,293
2876,255,34,0,289
2877,255,33,0,288
2878,255,30,0,285
2879,255,28,0,283
2880,255,29,0,284
2881,255,71,0,326
2882,255,91,0,346
2883,255,25,0,280
2884,255,19,0,274
2885,255,43,0,298
2886,255,46,0,301
2887,255,26,0,281
2888,255,63,0,318
2889,255,12,0,267
2890,255,26,0,281
2891,255,27,0,282
2892,255,41,0,296
2893,255,22,0,277
2894,217,0,0,217
2895,255,0,0,255
2896,255,7,0,262
2897,255,5,0,260
2898,255,39,0,294
2899,249,0,0,249
2900,255,50,0,305
2901,255,70,0,325
2902,255,52,0,307
2903,255,101,0,356
2904,255,70,0,325
2905,255,83,0,338
2906,255,67,0,322
2907,255,74,0,329
2908,255,63,0,318
2909,255,80,0,335
2910,255,94,0,349
2911,255,106,0,361
2912,255,79,0,334
2913,255,37,0,292
2914,255,17,0,272
2915,255,13,0,268
2916,255,49,0,304
2917,255,42,0,297
2918,255,133,0,388
2919,255,33,0,288
2920,255,44,0,299
2921,255,40,0,295
2922,255,49,0,304
2923,255,1,0,256
2924,250,0,0,250
2925,255,89,0,344
2926,255,8,0,263
2927,255,25,0,280
2928,255,35,0,290
2929,255,155,0,410
2930,255,71,0,326
2931,255,24,0,279
2932,255,23,0,278
2933,255,22,0,277
2934,255,39,0,294
2935,255,75,0,330
2936,255,1,0,256
2937,247,0,0,247
2938,255,12,0,267
2939,255,32,0,287
2940,255,36,0,291
2941,255,19,0,274
2942,255,18,0,273
2943,253,0,0,253
2944,255,6,0,261
2945,255,9,0,264
2946,228,0,0,228
2947,255,1,0,256
2948,255,0,0,255
2949,255,5,0,260
2950,255,40,0,295
2951,255,26,0,281
2952,245,0,0,245
2953,255,12,0,267
2954,255,2,0,257
2955,255,31,0,286
2956,255,38,0,293
2957,255,44,0,299
2958,255,0,0,255
2959,255,14,0,269
2960,255,14,0,269
2961,246,0,0,246
2962,249,0,0,249
2963,255,3,0,258
2964,238,0,0,238
2965,255,16,0,271
2966,255,11,0,266
2967,237,0,0,237
2968,255,17,0,272
2969,255,41,0,296
2970,255,6,0,261
2971,255,4,0,259
2972,255,62,0,317
2973,255,14,0,269
2974,255,31,0,286
2975,255,35,0,290
2976,250,0,0,250
2977,255,25,0,280
2978,255,8,0,263
2979,255,32,0,287
2980,255,26,0,281
2981,255,24,0,279
2982,255,18,0,273
2983,252,0,0,252
2984,255,18,0,273
2985,255,31,0,286
2986,255,32,0,287
2987,255,75,0,330
2988,255,43,0,298
2989,255,14,0,269
2990,255,26,0,281
2991,255,6,0,261
2992,255,37,0,292
2993,243,0,0,243
2994,253,0,0,253
2995,255,20,0,275
2996,255,24,0,279
2997,255,3,0,258
2998,250,0,0,250
2999,255,63,0,318
3000,255,175,0,430
3001,255,114,0,369
3002,255,74,0,329
3003,255,114,0,369
3004,255,102,0,357
3005,255,67,0,322
3006,255,141,0,396
3007,255,90,0,345
3008,255,72,0,327
3009,255,79,0,334
3010,255,95,0,350
3011,255,106,0,361
3012,255,96,0,351
3013,255,122,0,377
3014,255,70,0,325
3015,255,67,0,322
3016,255,24,0,279
3017,255,54,0,309
3018,255,40,0,295
3019,255,12,0,267
3020,255,57,0,312
3021,255,110,0,365
3022,255,45,0,300
3023,255,42,0,297
3024,255,63,0,318
3025,255,86,0,341
3026,255,17,0,272
3027,255,36,0,291
3028,255,37,0,292
3029,255,16,0,271
3030,255,199,0,454
3031,255,62,0,317
3032,255,48,0,303
3033,255,74,0,329
3034,255,24,0,279
3035,255,48,0,303
3036,255,24,0,279
3037,255,9,0,264
3038,253,0,0,253
3039,255,6,0,261
3040,255,52,0,307
3041,255,35,0,290
3042,255,55,0,310
3043,255,3,0,258
3044,255,28,0,283
3045,255,21,0,276
3046,217,0,0,217
3047,254,0,0,254
3048,255,12,0,267
3049,220,0,0,220
3050,255,36,0,291
3051,255,7,0,262
3052,244,0,0,244
3053,255,20,0,275
3054,255,12,0,267
3055,255,95,0,350
3056,255,32,0,287
3057,255,2,0,257
3058,255,16,0,271
3059,248,0,0,248
3060,255,47,0,302
3061,255,2,0,257
3062,255,15,0,270
3063,215,0,0,215
3064,255,6,0,261
3065,244,0,0,244
3066,255,39,0,294
3067,246,0,0,246
3068,255,44,0,299
3069,255,14,0,269
3070,255,48,0,303
3071,255,11,0,266
3072,255,18,0,273
3073,235,0,0,235
3074,255,4,0,259
3075,255,28,0,283
3076,220,0,0,220
3077,255,19,0,274
3078,248,0,0,248
3079,255,12,0,267
3080,255,48,0,303
3081,238,0,0,238
3082,255,2,0,257
3083,248,0,0,248
3084,255,5,0,260
3085,255,0,0,255
3086,220,0,0,220
3087,255,30,0,285
3088,255,19,0,274
3089,255,48,0,303
3090,255,72,0,327
3091,213,0,0,213
3092,244,0,0,244
3093,206,0,0,206
3094,232,0,0,232
3095,243,0,0,243
3096,255,15,0,270
3097,252,0,0,252
3098,255,24,0,279
3099,255,11,0,266
3100,255,88,0,343
3101,255,83,0,338
3102,255,55,0,310
3103,255,95,0,350
3104,255,71,0,326
3105,255,103,0,358
3106,255,48,0,303
3107,255,86,0,341
3108,255,106,0,361
3109,255,59,0,314
3110,255,114,0,369
3111,255,123,0,378
3112,255,125,0,380
3113,255,131,0,386
3114,255,77,0,332
3115,255,65,0,320
3116,255,58,0,313
3117,255,159,0,414
3118,255,67,0,322
3119,255,70,0,325
3120,255,84,0,339
3121,255,99,0,354
3122,255,107,0,362
3123,255,115,0,370
3124,255,88,0,343
3125,255,103,0,358
3126,255,81,0,336
3127,255,45,0,300
3128,255,61,0,316
3129,255,69,0,324
3130,255,76,0,331
3131,255,183,0,438
3132,255,97,0,352
3133,255,133,0,388
3134,255,92,0,347
3135,255,71,0,326
3136,255,41,0,296
3137,255,44,0,299
3138,255,18,0,273
3139,255,29,0,284
3140,255,41,0,296
3141,255,124,0,379
3142,255,78,0,333
3143,255,43,0,298
3144,255,74,0,329
3145,255,63,0,318
3146,255,24,0,279
3147,255,47,0,302
3148,255,12,0,267
3149,255,36,0,291
3150,255,54,0,309
3151,255,14,0,269
3152,255,50,0,305
3153,255,8,0,263
3154,255,29,0,284
3155,255,58,0,313
3156,255,40,0,295
3157,255,90,0,345
3158,255,82,0,337
3159,255,64,0,319
3160,255,111,0,366
3161,255,59,0,314
3162,255,48,0,303
3163,255,52,0,307
3164,255,71,0,326
3165,255,22,0,277
3166,255,89,0,344
3167,255,34,0,289
3168,255,66,0,321
3169,255,70,0,325
3170,255,42,0,297
3171,255,24,0,279
3172,250,0,0,250
3173,255,15,0,270
3174,251,0,0,251
3175,255,28,0,283
3176,255,21,0,276
3177,255,30,0,285
3178,255,17,0,272
3179,255,83,0,338
3180,255,50,0,305
3181,255,14,0,269
3182,255,56,0,311
3183,255,24,0,279
3184,255,69,0,324
3185,255,33,0,288
3186,255,25,0,280
3187,255,34,0,289
3188,255,36,0,291
3189,255,13,0,268
3190,255,37,0,292
3191,255,29,0,284
3192,255,14,0,269
3193,255,12,0,267
3194,255,4,0,259
3195,255,8,0,263
3196,255,7,0,262
3197,255,35,0,290
3198,255,74,0,329
3199,255,53,0,308
3200,255,91,0,346
3201,255,80,0,335
3202,255,47,0,302
3203,255,74,0,329
3204,255,56,0,311
3205,255,43,0,298
3206,255,71,0,326
3207,255,48,0,303
3208,255,61,0,316
3209,255,60,0,315
3210,255,198,0,453
3211,255,149,0,404
3212,255,109,0,364
3213,255,118,0,373
3214,255,151,0,406
3215,255,115,0,370
3216,255,116,0,371
3217,255,81,0,336
3218,255,52,0,307
3219,255,60,0,315
3220,255,68,0,323
3221,255,103,0,358
3222,255,61,0,316
3223,255,132,0,387
3224,255,86,0,341
3225,255,67,0,322
3226,255,42,0,297
3227,255,62,0,317
3228,255,36,0,291
3229,255,16,0,271
3230,255,38,0,293
3231,255,111,0,366
3232,255,201,0,456
3233,255,114,0,369
3234,255,95,0,350
3235,255,91,0,346
3236,255,92,0,347
3237,255,67,0,322
3238,255,39,0,294
3239,255,35,0,290
3240,255,60,0,315
3241,255,69,0,324
3242,255,56,0,311
3243,255,50,0,305
3244,255,58,0,313
3245,255,96,0,351
3246,255,69,0,324
3247,255,51,0,306
3248,255,24,0,279
3249,255,37,0,292
3250,255,98,0,353
3251,255,56,0,311
3252,255,8,0,263
3253,255,53,0,308
3254,255,91,0,346
3255,255,51,0,306
3256,255,128,0,383
3257,255,35,0,290
3258,255,61,0,316
3259,255,56,0,311
3260,255,27,0,282
3261,255,62,0,317
3262,255,26,0,281
3263,251,0,0,251
3264,255,45,0,300
3265,255,52,0,307
3266,255,91,0,346
3267,255,74,0,329
3268,255,21,0,276
3269,255,29,0,284
3270,255,89,0,344
3271,255,22,0,277
3272,255,46,0,301
3273,255,6,0,261
3274,255,11,0,266
3275,255,15,0,270
3276,255,34,0,289
3277,255,80,0,335
3278,255,73,0,328
3279,255,48,0,303
3280,255,71,0,326
3281,255,62,0,317
3282,255,44,0,299
3283,255,85,0,340
3284,255,22,0,277
3285,255,21,0,276
3286,255,56,0,311
3287,255,71,0,326
3288,255,68,0,323
3289,255,16,0,271
3290,255,6,0,261
3291,255,58,0,313
3292,244,0,0,244
3293,246,0,0,246
3294,255,68,0,323
3295,255,19,0,274
3296,255,24,0,279
3297,240,0,0,240
3298,255,47,0,302
3299,255,74,0,329
3300,255,83,0,338
3301,255,69,0,324
3302,255,48,0,303
3303,255,98,0,353
3304,255,93,0,348
3305,255,65,0,320
3306,255,56,0,311
3307,255,35,0,290
3308,255,41,0,296
3309,255,63,0,318
3310,255,120,0,375
3311,255,113,0,368
3312,255,96,0,351
3313,255,97,0,352
3314,255,73,0,328
3315,255,88,0,343
3316,255,78,0,333
3317,255,51,0,306
3318,255,87,0,342
3319,255,38,0,293
3320,255,99,0,354
3321,255,128,0,383
3322,255,134,0,389
3323,255,117,0,372
3324,255,89,0,344
3325,255,99,0,354
3326,255,78,0,333
3327,255,54,0,309
3328,255,63,0,318
3329,255,28,0,283
3330,255,76,0,331
3331,255,84,0,339
3332,255,83,0,338
3333,255,255,63,573
3334,255,102,0,357
3335,255,64,0,319
3336,255,63,0,318
3337,255,74,0,329
3338,255,64,0,319
3339,255,91,0,346
3340,255,46,0,301
3341,255,77,0,332
3342,255,44,0,299
3343,255,53,0,308
3344,255,135,0,390
3345,255,75,0,330
3346,252,0,0,252
3347,255,33,0,288
3348,255,21,0,276
3349,255,44,0,299
3350,255,38,0,293
3351,255,30,0,285
3352,255,50,0,305
3353,255,122,0,377
3354,255,30,0,285
3355,255,134,0,389
3356,255,65,0,320
3357,255,80,0,335
3358,255,50,0,305
3359,255,34,0,289
3360,255,40,0,295
3361,255,21,0,276
3362,255,23,0,278
3363,255,81,0,336
3364,255,26,0,281
3365,255,40,0,295
3366,255,109,0,364
3367,255,74,0,329
3368,255,41,0,296
3369,255,105,0,360
3370,255,38,0,293
3371,255,35,0,290
3372,255,37,0,292
3373,255,66,0,321
3374,255,17,0,272
3375,255,47,0,302
3376,255,24,0,279
3377,255,125,0,380
3378,255,41,0,296
3379,255,52,0,307
3380,255,59,0,314
3381,255,8,0,263
3382,255,15,0,270
3383,255,26,0,281
3384,255,20,0,275
3385,255,19,0,274
3386,255,58,0,313
3387,255,14,0,269
3388,255,112,0,367
3389,255,16,0,271
3390,255,15,0,270
3391,255,30,0,285
3392,255,7,0,262
3393,255,41,0,296
3394,230,0,0,230
3395,255,11,0,266
3396,255,12,0,267
3397,255,31,0,286
3398,255,19,0,274
3399,255,90,0,345
3400,255,51,0,306
3401,255,32,0,287
3402,255,44,0,299
3403,255,90,0,345
3404,255,44,0,299
3405,255,19,0,274
3406,255,59,0,314
3407,255,40,0,295
3408,255,44,0,299
3409,255,34,0,289
3410,255,77,0,332
3411,255,88,0,343
3412,255,134,0,389
3413,255,36,0,291
3414,255,55,0,310
3415,255,57,0,312
3416,255,43,0,298
3417,255,32,0,287
3418,255,16,0,271
3419,255,44,0,299
3420,255,50,0,305
3421,255,118,0,373
3422,255,53,0,308
3423,255,55,0,310
3424,255,79,0,334
3425,255,74,0,329
3426,255,63,0,318
3427,255,45,0,300
3428,255,42,0,297
3429,255,45,0,300
3430,255,56,0,311
3431,255,39,0,294
3432,255,63,0,318
3433,255,95,0,350
3434,255,191,0,446
3435,255,95,0,350
3436,255,66,0,321
3437,255,45,0,300
3438,255,25,0,280
3439,255,34,0,289
3440,255,40,0,295
3441,255,34,0,289
3442,255,48,0,303
3443,255,78,0,333
3444,255,61,0,316
3445,255,58,0,313
3446,255,25,0,280
3447,255,14,0,269
3448,255,6,0,261
3449,243,0,0,243
3450,255,43,0,298
3451,255,77,0,332
3452,255,112,0,367
3453,255,51,0,306
3454,255,44,0,299
3455,255,57,0,312
3456,255,186,0,441
3457,255,49,0,304
3458,255,36,0,291
3459,255,34,0,289
3460,255,37,0,292
3461,255,41,0,296
3462,255,57,0,312
3463,255,23,0,278
3464,255,21,0,276
3465,255,35,0,290
3466,255,21,0,276
3467,255,59,0,314
3468,255,24,0,279
3469,255,41,0,296
3470,255,14,0,269
3471,255,28,0,283
3472,255,47,0,302
3473,255,8,0,263
3474,255,68,0,323
3475,255,31,0,286
3476,255,56,0,311
3477,255,128,0,383
3478,255,64,0,319
3479,255,26,0,281
3480,255,24,0,279
3481,255,22,0,277
3482,248,0,0,248
3483,255,2,0,257
3484,255,15,0,270
3485,255,23,0,278
3486,255,60,0,315
3487,253,0,0,253
3488,255,37,0,292
3489,255,35,0,290
3490,255,26,0,281
3491,253,0,0,253
3492,250,0,0,250
3493,255,24,0,279
3494,255,5,0,260
3495,255,1,0,256
3496,244,0,0,244
3497,234,0,0,234
3498,232,0,0,232
3499,232,0,0,232
3500,255,74,0,329
3501,255,47,0,302
3502,255,31,0,286
3503,255,12,0,267
3504,255,75,0,330
3505,255,50,0,305
3506,255,1,0,256
3507,255,25,0,280
3508,255,33,0,288
3509,255,36,0,291
3510,255,57,0,312
3511,255,97,0,352
3512,255,91,0,346
3513,255,59,0,314
3514,255,38,0,293
3515,255,133,0,388
3516,255,45,0,300
3517,255,34,0,289
3518,255,46,0,301
3519,255,48,0,303
3520,255,45,0,300
3521,255,70,0,325
3522,255,84,0,339
3523,255,24,0,279
3524,255,49,0,304
3525,255,46,0,301
3526,255,46,0,301
3527,255,12,0,267
3528,255,72,0,327
3529,238,0,0,238
3530,255,0,0,255
3531,255,27,0,282
3532,255,18,0,273
3533,255,54,0,309
3534,255,78,0,333
3535,255,211,0,466
3536,255,72,0,327
3537,255,79,0,334
3538,255,31,0,286
3539,255,43,0,298
3540,255,14,0,269
3541,255,63,0,318
3542,255,65,0,320
3543,255,58,0,313
3544,255,40,0,295
3545,255,59,0,314
3546,255,52,0,307
3547,255,63,0,318
3548,255,27,0,282
3549,236,0,0,236
3550,255,20,0,275
3551,255,41,0,296
3552,255,29,0,284
3553,255,74,0,329
3554,255,44,0,299
3555,255,38,0,293
3556,255,62,0,317
3557,255,26,0,281
3558,255,12,0,267
3559,255,26,0,281
3560,255,31,0,286
3561,255,17,0,272
3562,255,19,0,274
3563,255,8,0,263
3564,255,32,0,287
3565,255,42,0,297
3566,255,33,0,288
3567,255,28,0,283
3568,255,38,0,293
3569,255,76,0,331
3570,255,93,0,348
3571,255,42,0,297
3572,255,34,0,289
3573,255,9,0,264
3574,255,12,0,267
3575,255,48,0,303
3576,255,21,0,276
3577,255,87,0,342
3578,255,82,0,337
3579,255,146,0,401
3580,255,48,0,303
3581,255,22,0,277
3582,255,12,0,267
3583,255,3,0,258
3584,254,0,0,254
3585,255,61,0,316
3586,255,13,0,268
3587,255,49,0,304
3588,255,52,0,307
3589,236,0,0,236
3590,255,49,0,304
3591,255,38,0,293
3592,235,0,0,235
3593,255,8,0,263
3594,255,58,0,313
3595,247,0,0,247
3596,255,21,0,276
3597,255,22,0,277
3598,255,7,0,262
3599,255,16,0,271
3600,255,69,0,324
3601,255,19,0,274
3602,255,8,0,263
3603,254,0,0,254
3604,253,0,0,253
3605,255,26,0,281
3606,255,29,0,284
3607,255,7,0,262
3608,255,22,0,277
3609,255,14,0,269
3610,255,42,0,297
3611,255,52,0,307
3612,255,60,0,315
3613,255,61,0,316
3614,255,52,0,307
3615,255,61,0,316
3616,255,20,0,275
3617,255,14,0,269
3618,255,83,0,338
3619,255,22,0,277
3620,255,6,0,261
3621,255,30,0,285
3622,255,48,0,303
3623,255,31,0,286
3624,255,48,0,303
3625,255,60,0,315
3626,255,35,0,290
3627,255,24,0,279
3628,255,47,0,302
3629,255,24,0,279
3630,255,31,0,286
3631,255,34,0,289
3632,255,35,0,290
3633,255,21,0,276
3634,255,14,0,269
3635,255,38,0,293
3636,255,174,0,429
3637,255,74,0,329
3638,255,35,0,290
3639,255,58,0,313
3640,255,37,0,292
3641,255,33,0,288
3642,255,23,0,278
3643,255,21,0,276
3644,255,28,0,283
3645,255,42,0,297
3646,255,43,0,298
3647,255,25,0,280
3648,255,30,0,285
3649,255,41,0,296
3650,255,32,0,287
3651,255,94,0,349
3652,255,66,0,321
3653,255,19,0,274
3654,255,71,0,326
3655,255,6,0,261
3656,255,19,0,274
3657,255,3,0,258
3658,255,99,0,354
3659,255,22,0,277
3660,223,0,0,223
3661,255,16,0,271
3662,255,31,0,286
3663,255,88,0,343
3664,255,6,0,261
3665,255,33,0,288
3666,255,62,0,317
3667,255,41,0,296
3668,255,16,0,271
3669,255,127,0,382
3670,255,33,0,288
3671,252,0,0,252
3672,255,60,0,315
3673,255,21,0,276
3674,252,0,0,252
3675,255,8,0,263
3676,255,10,0,265
3677,255,9,0,264
3678,255,24,0,279
3679,255,34,0,289
3680,255,30,0,285
3681,255,33,0,288
3682,255,22,0,277
3683,228,0,0,228
3684,255,29,0,284
3685,255,25,0,280
3686,255,41,0,296
3687,255,0,0,255
3688,255,24,0,279
3689,255,16,0,271
3690,255,144,0,399
3691,255,95,0,350
3692,255,63,0,318
3693,255,91,0,346
3694,255,2,0,257
3695,255,41,0,296
3696,255,41,0,296
3697,255,30,0,285
3698,255,96,0,351
3699,255,90,0,345
3700,255,26,0,281
3701,255,36,0,291
3702,232,0,0,232
3703,255,51,0,306
3704,244,0,0,244
3705,255,15,0,270
3706,255,13,0,268
3707,255,70,0,325
3708,232,0,0,232
3709,234,0,0,234
3710,255,62,0,317
3711,255,68,0,323
3712,255,27,0,282
3713,255,39,0,294
3714,255,31,0,286
3715,255,43,0,298
3716,255,15,0,270
3717,255,17,0,272
3718,255,35,0,290
3719,255,46,0,301
3720,254,0,0,254
3721,255,99,0,354
3722,255,25,0,280
3723,248,0,0,248
3724,255,22,0,277
3725,255,16,0,271
3726,255,19,0,274
3727,255,77,0,332
3728,255,26,0,281
3729,255,17,0,272
3730,255,22,0,277
3731,255,7,0,262
3732,255,22,0,277
3733,255,84,0,339
3734,255,1,0,256
3735,255,7,0,262
3736,255,11,0,266
3737,255,144,0,399
3738,255,34,0,289
3739,255,34,0,289
3740,255,18,0,273
3741,255,14,0,269
3742,255,44,0,299
3743,255,21,0,276
3744,238,0,0,238
3745,255,6,0,261
3746,255,14,0,269
3747,255,19,0,274
3748,255,16,0,271
3749,226,0,0,226
3750,255,51,0,306
3751,255,21,0,276
3752,223,0,0,223
3753,255,0,0,255
3754,223,0,0,223
3755,249,0,0,249
3756,255,18,0,273
3757,255,19,0,274
3758,255,12,0,267
3759,251,0,0,251
3760,230,0,0,230
3761,227,0,0,227
3762,244,0,0,244
3763,255,28,0,283
3764,255,13,0,268
3765,255,1,0,256
3766,255,21,0,276
3767,255,0,0,255
3768,215,0,0,215
3769,255,3,0,258
3770,255,2,0,257
3771,244,0,0,244
3772,215,0,0,215
3773,255,45,0,300
3774,246,0,0,246
3775,255,17,0,272
3776,227,0,0,227
3777,255,63,0,318
3778,245,0,0,245
3779,255,9,0,264
3780,246,0,0,246
3781,255,0,0,255
3782,253,0,0,253
3783,255,22,0,277
3784,255,7,0,262
3785,255,21,0,276
3786,255,23,0,278
3787,255,39,0,294
3788,255,4,0,259
3789,255,35,0,290
3790,255,81,0,336
3791,255,54,0,309
3792,255,76,0,331
3793,255,7,0,262
3794,170,0,0,170
3795,255,9,0,264
3796,220,0,0,220
3797,243,0,0,243
3798,255,44,0,299
3799,255,4,0,259
3800,255,112,0,367
3801,255,32,0,287
3802,255,91,0,346
3803,228,0,0,228
3804,242,0,0,242
3805,252,0,0,252
3806,255,8,0,263
3807,255,28,0,283
3808,239,0,0,239
3809,213,0,0,213
3810,255,56,0,311
3811,255,69,0,324
3812,255,26,0,281
3813,255,23,0,278
3814,255,50,0,305
3815,255,20,0,275
3816,255,37,0,292
3817,255,46,0,301
3818,255,61,0,316
3819,255,30,0,285
3820,255,3,0,258
3821,255,44,0,299
3822,255,37,0,292
3823,255,59,0,314
3824,255,63,0,318
3825,255,116,0,371
3826,255,19,0,274
3827,255,30,0,285
3828,255,10,0,265
3829,255,5,0,260
3830,252,0,0,252
3831,255,30,0,285
3832,255,29,0,284
3833,255,32,0,287
3834,255,26,0,281
3835,255,19,0,274
3836,255,12,0,267
3837,255,26,0,281
3838,255,150,0,405
3839,255,39,0,294
3840,255,93,0,348
3841,255,58,0,313
3842,255,20,0,275
3843,255,34,0,289
3844,255,4,0,259
3845,255,34,0,289
3846,255,25,0,280
3847,252,0,0,252
3848,255,15,0,270
3849,255,70,0,325
3850,255,43,0,298
3851,255,6,0,261
3852,246,0,0,246
3853,255,9,0,264
3854,232,0,0,232
3855,255,29,0,284
3856,253,0,0,253
3857,246,0,0,246
3858,238,0,0,238
3859,255,19,0,274
3860,255,6,0,261
3861,249,0,0,249
3862,249,0,0,249
3863,255,9,0,264
3864,255,1,0,256
3865,255,14,0,269
3866,250,0,0,250
3867,255,4,0,259
3868,246,0,0,246
3869,255,18,0,273
3870,255,0,0,255
3871,240,0,0,240
3872,221,0,0,221
3873,213,0,0,213
3874,255,7,0,262
3875,255,35,0,290
3876,255,3,0,258
3877,255,39,0,294
3878,253,0,0,253
3879,255,49,0,304
3880,255,19,0,274
3881,253,0,0,253
3882,253,0,0,253
3883,255,48,0,303
3884,255,34,0,289
3885,255,1,0,256
3886,255,2,0,257
3887,255,28,0,283
3888,255,31,0,286
3889,255,0,0,255
3890,255,26,0,281
3891,255,38,0,293
3892,255,8,0,263
3893,255,12,0,267
3894,255,60,0,315
3895,255,7,0,262
3896,226,0,0,226
3897,238,0,0,238
3898,213,0,0,213
3899,227,0,0,227
3900,255,54,0,309
3901,255,26,0,281
3902,248,0,0,248
3903,223,0,0,223
3904,224,0,0,224
3905,245,0,0,245
3906,226,0,0,226
3907,221,0,0,221
3908,255,4,0,259
3909,251,0,0,251
3910,255,9,0,264
3911,255,57,0,312
3912,255,29,0,284
3913,252,0,0,252
3914,255,59,0,314
3915,255,14,0,269
3916,255,2,0,257
3917,255,2,0,257
3918,255,60,0,315
3919,255,15,0,270
3920,235,0,0,235
3921,253,0,0,253
3922,255,6,0,261
3923,240,0,0,240
3924,255,12,0,267
3925,255,51,0,306
3926,249,0,0,249
3927,255,125,0,380
3928,255,25,0,280
3929,223,0,0,223
3930,253,0,0,253
3931,255,30,0,285
3932,212,0,0,212
3933,255,25,0,280
3934,218,0,0,218
3935,255,22,0,277
3936,255,18,0,273
3937,255,8,0,263
3938,255,27,0,282
3939,255,143,0,398
3940,255,32,0,287
3941,255,9,0,264
3942,255,51,0,306
3943,232,0,0,232
3944,255,43,0,298
3945,255,52,0,307
3946,255,10,0,265
3947,255,76,0,331
3948,255,0,0,255
3949,255,6,0,261
3950,215,0,0,215
3951,191,0,0,191
3952,248,0,0,248
3953,188,0,0,188
3954,234,0,0,234
3955,223,0,0,223
3956,244,0,0,244
3957,249,0,0,249
3958,245,0,0,245
3959,251,0,0,251
3960,255,47,0,302
3961,253,0,0,253
3962,255,11,0,266
3963,255,6,0,261
3964,224,0,0,224
3965,240,0,0,240
3966,250,0,0,250
3967,221,0,0,221
3968,249,0,0,249
3969,251,0,0,251
3970,246,0,0,246
3971,255,52,0,307
3972,255,19,0,274
3973,243,0,0,243
3974,237,0,0,237
3975,255,21,0,276
3976,236,0,0,236
3977,255,8,0,263
3978,255,36,0,291
3979,255,6,0,261
3980,217,0,0,217
3981,255,72,0,327
3982,255,27,0,282
3983,227,0,0,227
3984,255,14,0,269
3985,253,0,0,253
3986,221,0,0,221
3987,255,14,0,269
3988,250,0,0,250
3989,255,2,0,257
3990,255,17,0,272
3991,246,0,0,246
3992,234,0,0,234
3993,255,41,0,296
3994,255,14,0,269
3995,255,18,0,273
3996,255,3,0,258
3997,239,0,0,239
3998,224,0,0,224
3999,255,26,0,281
4000,255,145,0,400
4001,255,149,0,404
4002,255,42,0,297
4003,255,23,0,278
4004,255,130,0,385
4005,255,31,0,286
4006,255,2,0,257
4007,255,96,0,351
4008,255,22,0,277
4009,255,14,0,269
4010,255,67,0,322
4011,255,103,0,358
4012,255,56,0,311
4013,255,57,0,312
4014,255,12,0,267
4015,255,52,0,307
4016,255,12,0,267
4017,255,62,0,317
4018,255,14,0,269
4019,255,24,0,279
4020,255,83,0,338
4021,255,65,0,320
4022,255,57,0,312
4023,255,31,0,286
4024,255,63,0,318
4025,255,16,0,271
4026,255,29,0,284
4027,255,43,0,298
4028,255,31,0,286
4029,255,41,0,296
4030,255,28,0,283
4031,255,2,0,257
4032,255,2,0,257
4033,255,60,0,315
4034,249,0,0,249
4035,255,38,0,293
4036,255,2,0,257
4037,217,0,0,217
4038,239,0,0,239
4039,255,14,0,269
4040,255,158,0,413
4041,255,60,0,315
4042,255,55,0,310
4043,247,0,0,247
4044,255,53,0,308
4045,255,41,0,296
4046,246,0,0,246
4047,255,1,0,256
4048,221,0,0,221
4049,249,0,0,249
4050,255,58,0,313
4051,255,35,0,290
4052,249,0,0,249
4053,246,0,0,246
4054,255,1,0,256
4055,255,61,0,316
4056,224,0,0,224
4057,255,3,0,258
4058,238,0,0,238
4059,255,16,0,271
4060,255,25,0,280
4061,250,0,0,250
4062,255,35,0,290
4063,232,0,0,232
4064,217,0,0,217
4065,234,0,0,234
4066,255,15,0,270
4067,246,0,0,246
4068,255,7,0,262
4069,255,24,0,279
4070,236,0,0,236
4071,252,0,0,252
4072,255,5,0,260
4073,217,0,0,217
4074,253,0,0,253
4075,237,0,0,237
4076,243,0,0,243
4077,255,78,0,333
4078,255,51,0,306
4079,215,0,0,215
4080,255,38,0,293
4081,221,0,0,221
4082,248,0,0,248
4083,198,0,0,198
4084,255,0,0,255
4085,206,0,0,206
4086,244,0,0,244
4087,255,12,0,267
4088,236,0,0,236
4089,246,0,0,246
4090,251,0,0,251
4091,235,0,0,235
4092,235,0,0,235
4093,218,0,0,218
4094,243,0,0,243
4095,227,0,0,227
4096,255,26,0,281
4097,218,0,0,218
4098,253,0,0,253
4099,254,0,0,254
4100,255,70,0,325
4101,255,35,0,290
4102,255,53,0,308
4103,255,9,0,264
4104,255,9,0,264
4105,255,22,0,277
4106,247,0,0,247
4107,249,0,0,249
4108,255,25,0,280
4109,255,44,0,299
4110,255,51,0,306
4111,255,117,0,372
4112,255,70,0,325
4113,255,51,0,306
4114,255,113,0,368
4115,255,50,0,305
4116,255,30,0,285
4117,255,27,0,282
4118,255,33,0,288
4119,255,40,0,295
4120,255,42,0,297
4121,255,74,0,329
4122,255,69,0,324
4123,255,131,0,386
4124,255,53,0,308
4125,255,79,0,334
4126,255,59,0,314
4127,255,61,0,316
4128,255,59,0,314
4129,255,22,0,277
4130,255,85,0,340
4131,255,22,0,277
4132,255,41,0,296
4133,255,54,0,309
4134,255,11,0,266
4135,255,29,0,284
4136,255,8,0,263
4137,255,1,0,256
4138,240,0,0,240
4139,255,11,0,266
4140,255,6,0,261
4141,255,167,0,422
4142,255,96,0,351
4143,255,39,0,294
4144,255,86,0,341
4145,255,26,0,281
4146,255,10,0,265
4147,255,17,0,272
4148,255,14,0,269
4149,255,2,0,257
4150,255,82,0,337
4151,255,44,0,299
4152,255,57,0,312
4153,255,9,0,264
4154,255,36,0,291
4155,255,33,0,288
4156,255,42,0,297
4157,255,62,0,317
4158,255,2,0,257
4159,255,28,0,283
4160,255,64,0,319
4161,255,48,0,303
4162,242,0,0,242
4163,255,15,0,270
4164,255,28,0,283
4165,252,0,0,252
4166,255,12,0,267
4167,245,0,0,245
4168,255,47,0,302
4169,255,41,0,296
4170,255,25,0,280
4171,255,48,0,303
4172,255,27,0,282
4173,255,6,0,261
4174,248,0,0,248
4175,255,12,0,267
4176,255,52,0,307
4177,255,28,0,283
4178,255,22,0,277
4179,255,53,0,308
4180,255,34,0,289
4181,255,13,0,268
4182,246,0,0,246
4183,248,0,0,248
4184,255,40,0,295
4185,255,53,0,308
4186,249,0,0,249
4187,255,14,0,269
4188,255,25,0,280
4189,255,6,0,261
4190,255,30,0,285
4191,255,0,0,255
4192,255,4,0,259
4193,247,0,0,247
4194,255,16,0,271
4195,255,20,0,275
4196,255,25,0,280
4197,255,1,0,256
4198,255,3,0,258
4199,255,1,0,256
4200,255,215,0,470
4201,255,114,0,369
4202,255,66,0,321
4203,255,12,0,267
4204,255,38,0,293
4205,255,46,0,301
4206,255,60,0,315
4207,255,34,0,289
4208,255,32,0,287
4209,255,28,0,283
4210,255,68,0,323
4211,255,72,0,327
4212,255,63,0,318
4213,255,72,0,327
4214,255,73,0,328
4215,255,46,0,301
4216,255,41,0,296
4217,255,16,0,271
4218,255,36,0,291
4219,255,89,0,344
4220,255,37,0,292
4221,255,58,0,313
4222,255,38,0,293
4223,255,49,0,304
4224,255,79,0,334
4225,255,58,0,313
4226,255,34,0,289
4227,255,35,0,290
4228,255,55,0,310
4229,255,21,0,276
4230,255,12,0,267
4231,255,83,0,338
4232,255,106,0,361
4233,255,30,0,285
4234,255,66,0,321
4235,255,59,0,314
4236,255,41,0,296
4237,247,0,0,247
4238,255,1,0,256
4239,237,0,0,237
4240,255,37,0,292
4241,255,7,0,262
4242,255,174,0,429
4243,255,60,0,315
4244,255,106,0,361
4245,255,64,0,319
4246,255,3,0,258
4247,255,32,0,287
4248,255,53,0,308
4249,255,14,0,269
4250,255,37,0,292
4251,255,42,0,297
4252,255,29,0,284
4253,255,28,0,283
4254,255,12,0,267
4255,255,55,0,310
4256,255,59,0,314
4257,255,18,0,273
4258,255,79,0,334
4259,255,16,0,271
4260,255,25,0,280
4261,255,3,0,258
4262,255,29,0,284
4263,255,22,0,277
4264,255,16,0,271
4265,255,24,0,279
4266,255,30,0,285
4267,255,19,0,274
4268,255,114,0,369
4269,255,42,0,297
4270,255,8,0,263
4271,255,11,0,266
4272,255,28,0,283
4273,250,0,0,250
4274,255,49,0,304
4275,255,6,0,261
4276,246,0,0,246
4277,255,45,0,300
4278,255,37,0,292
4279,255,47,0,302
4280,255,16,0,271
4281,255,5,0,260
4282,255,15,0,270
4283,255,13,0,268
4284,255,19,0,274
4285,255,29,0,284
4286,255,32,0,287
4287,253,0,0,253
4288,255,96,0,351
4289,251,0,0,251
4290,255,18,0,273
4291,245,0,0,245
4292,255,25,0,280
4293,255,12,0,267
4294,255,4,0,259
4295,255,46,0,301
4296,244,0,0,244
4297,250,0,0,250
4298,253,0,0,253
4299,250,0,0,250
4300,255,32,0,287
4301,255,28,0,283
4302,255,18,0,273
4303,255,2,0,257
4304,249,0,0,249
4305,208,0,0,208
4306,255,2,0,257
4307,242,0,0,242
4308,255,15,0,270
4309,215,0,0,215
4310,255,45,0,300
4311,255,55,0,310
4312,255,91,0,346
4313,255,58,0,313
4314,255,38,0,293
4315,255,33,0,288
4316,255,46,0,301
4317,255,6,0,261
4318,255,18,0,273
4319,255,17,0,272
4320,255,50,0,305
4321,255,255,42,552
4322,255,50,0,305
4323,255,45,0,300
4324,255,31,0,286
4325,255,63,0,318
4326,255,14,0,269
4327,255,12,0,267
4328,255,38,0,293
4329,255,53,0,308
4330,255,16,0,271
4331,255,39,0,294
4332,255,71,0,326
4333,255,94,0,349
4334,255,53,0,308
4335,255,19,0,274
4336,255,6,0,261
4337,255,41,0,296
4338,255,20,0,275
4339,250,0,0,250
4340,255,1,0,256
4341,255,39,0,294
4342,255,24,0,279
4343,255,139,0,394
4344,255,52,0,307
4345,255,22,0,277
4346,255,23,0,278
4347,255,9,0,264
4348,255,5,0,260
4349,252,0,0,252
4350,255,14,0,269
4351,255,32,0,287
4352,255,31,0,286
4353,255,13,0,268
4354,255,83,0,338
4355,255,38,0,293
4356,255,63,0,318
4357,255,24,0,279
4358,247,0,0,247
4359,255,0,0,255
4360,243,0,0,243
4361,242,0,0,242
4362,243,0,0,243
4363,255,16,0,271
4364,246,0,0,246
4365,255,65,0,320
4366,253,0,0,253
4367,255,8,0,263
4368,240,0,0,240
4369,255,18,0,273
4370,238,0,0,238
4371,255,39,0,294
4372,255,47,0,302
4373,255,13,0,268
4374,235,0,0,235
4375,255,2,0,257
4376,239,0,0,239
4377,255,12,0,267
4378,255,22,0,277
4379,255,5,0,260
4380,255,6,0,261
4381,255,66,0,321
4382,255,23,0,278
4383,255,52,0,307
4384,248,0,0,248
4385,255,2,0,257
4386,255,50,0,305
4387,255,14,0,269
4388,255,8,0,263
4389,249,0,0,249
4390,230,0,0,230
4391,255,6,0,261
4392,204,0,0,204
4393,255,9,0,264
4394,237,0,0,237
4395,255,5,0,260
4396,238,0,0,238
4397,255,1,0,256
4398,255,20,0,275
4399,252,0,0,252
4400,255,71,0,326
4401,255,22,0,277
4402,255,74,0,329
4403,255,26,0,281
4404,255,75,0,330
4405,255,39,0,294
4406,255,29,0,284
4407,244,0,0,244
4408,239,0,0,239
4409,255,37,0,292
4410,255,46,0,301
4411,255,90,0,345
4412,255,62,0,317
4413,255,37,0,292
4414,255,77,0,332
4415,255,80,0,335
4416,255,109,0,364
4417,255,72,0,327
4418,255,54,0,309
4419,255,33,0,288
4420,255,70,0,325
4421,255,87,0,342
4422,255,93,0,348
4423,255,39,0,294
4424,255,66,0,321
4425,255,69,0,324
4426,255,31,0,286
4427,255,17,0,272
4428,255,17,0,272
4429,255,12,0,267
4430,255,9,0,264
4431,255,97,0,352
4432,255,46,0,301
4433,255,98,0,353
4434,255,41,0,296
4435,255,5,0,260
4436,255,2,0,257
4437,246,0,0,246
4438,255,8,0,263
4439,255,37,0,292
4440,255,52,0,307
4441,255,85,0,340
4442,255,70,0,325
4443,255,30,0,285
4444,255,255,77,587
4445,255,89,0,344
4446,255,53,0,308
4447,255,14,0,269
4448,255,74,0,329
4449,255,37,0,292
4450,255,47,0,302
4451,255,38,0,293
4452,255,37,0,292
4453,255,33,0,288
4454,255,78,0,333
4455,255,143,0,398
4456,255,111,0,366
4457,255,25,0,280
4458,255,35,0,290
4459,255,22,0,277
4460,255,66,0,321
4461,255,15,0,270
4462,255,32,0,287
4463,253,0,0,253
4464,255,36,0,291
4465,255,28,0,283
4466,255,86,0,341
4467,255,22,0,277
4468,255,35,0,290
4469,255,54,0,309
4470,255,41,0,296
4471,255,36,0,291
4472,255,41,0,296
4473,246,0,0,246
4474,255,101,0,356
4475,255,35,0,290
4476,255,5,0,260
4477,255,101,0,356
4478,255,19,0,274
4479,253,0,0,253
4480,255,38,0,293
4481,244,0,0,244
4482,255,31,0,286
4483,255,40,0,295
4484,255,70,0,325
4485,255,40,0,295
4486,255,101,0,356
4487,255,45,0,300
4488,255,110,0,365
4489,255,47,0,302
4490,255,16,0,271
4491,255,3,0,258
4492,255,19,0,274
4493,226,0,0,226
4494,255,26,0,281
4495,234,0,0,234
4496,254,0,0,254
4497,255,53,0,308
4498,255,1,0,256
4499,255,25,0,280
4500,255,108,0,363
4501,255,55,0,310
4502,255,27,0,282
4503,251,0,0,251
4504,255,44,0,299
4505,255,9,0,264
4506,255,32,0,287
4507,255,24,0,279
4508,255,20,0,275
4509,255,11,0,266
4510,255,37,0,292
4511,255,67,0,322
4512,255,102,0,357
4513,255,52,0,307
4514,255,27,0,282
4515,255,33,0,288
4516,255,55,0,310
4517,255,35,0,290
4518,255,28,0,283
4519,255,26,0,281
4520,255,88,0,343
4521,255,78,0,333
4522,255,33,0,288
4523,255,99,0,354
4524,255,19,0,274
4525,255,35,0,290
4526,255,45,0,300
4527,255,31,0,286
4528,255,14,0,269
4529,255,6,0,261
4530,255,22,0,277
4531,255,28,0,283
4532,255,66,0,321
4533,255,67,0,322
4534,255,33,0,288
4535,255,55,0,310
4536,255,50,0,305
4537,255,40,0,295
4538,255,12,0,267
4539,255,61,0,316
4540,255,52,0,307
4541,255,33,0,288
4542,255,30,0,285
4543,255,76,0,331
4544,255,53,0,308
4545,255,223,0,478
4546,255,79,0,334
4547,255,53,0,308
4548,255,60,0,315
4549,255,41,0,296
4550,255,57,0,312
4551,255,45,0,300
4552,255,46,0,301
4553,255,6,0,261
4554,255,111,0,366
4555,255,84,0,339
4556,255,114,0,369
4557,255,25,0,280
4558,255,17,0,272
4559,255,3,0,258
4560,255,93,0,348
4561,255,119,0,374
4562,255,126,0,381
4563,255,112,0,367
4564,255,97,0,352
4565,255,107,0,362
4566,255,90,0,345
4567,255,216,0,471
4568,255,133,0,388
4569,255,95,0,350
4570,255,72,0,327
4571,255,45,0,300
4572,245,0,0,245
4573,255,16,0,271
4574,254,0,0,254
4575,255,73,0,328
4576,255,25,0,280
4577,255,39,0,294
4578,255,95,0,350
4579,255,38,0,293
4580,255,40,0,295
4581,255,14,0,269
4582,255,82,0,337
4583,255,15,0,270
4584,255,27,0,282
4585,255,34,0,289
4586,255,58,0,313
4587,255,75,0,330
4588,255,77,0,332
4589,255,77,0,332
4590,255,46,0,301
4591,255,55,0,310
4592,255,2,0,257
4593,255,16,0,271
4594,255,10,0,265
4595,255,35,0,290
4596,255,15,0,270
4597,255,21,0,276
4598,255,38,0,293
4599,255,17,0,272
4600,255,93,0,348
4601,255,62,0,317
4602,255,12,0,267
4603,208,0,0,208
4604,208,0,0,208
4605,228,0,0,228
4606,255,2,0,257
4607,246,0,0,246
4608,254,0,0,254
4609,255,9,0,264
4610,255,31,0,286
4611,255,51,0,306
4612,255,41,0,296
4613,255,46,0,301
4614,255,8,0,263
4615,255,42,0,297
4616,255,9,0,264
4617,255,28,0,283
4618,208,0,0,208
4619,255,45,0,300
4620,255,82,0,337
4621,255,9,0,264
4622,255,18,0,273
4623,240,0,0,240
4624,255,46,0,301
4625,255,12,0,267
4626,255,3,0,258
4627,251,0,0,251
4628,255,61,0,316
4629,224,0,0,224
4630,242,0,0,242
4631,255,22,0,277
4632,255,41,0,296
4633,255,10,0,265
4634,217,0,0,217
4635,251,0,0,251
4636,249,0,0,249
4637,255,14,0,269
4638,244,0,0,244
4639,254,0,0,254
4640,255,2,0,257
4641,255,1,0,256
4642,249,0,0,249
4643,248,0,0,248
4644,255,14,0,269
4645,255,20,0,275
4646,255,150,0,405
4647,255,68,0,323
4648,255,46,0,301
4649,255,61,0,316
4650,255,21,0,276
4651,255,3,0,258
4652,255,39,0,294
4653,255,71,0,326
4654,255,89,0,344
4655,255,57,0,312
4656,255,72,0,327
4657,255,60,0,315
4658,255,18,0,273
4659,255,26,0,281
4660,255,38,0,293
4661,255,1,0,256
4662,255,39,0,294
4663,255,79,0,334
4664,255,48,0,303
4665,255,15,0,270
4666,255,77,0,332
4667,255,11,0,266
4668,255,3,0,258
4669,255,21,0,276
4670,255,9,0,264
4671,255,23,0,278
4672,234,0,0,234
4673,255,14,0,269
4674,232,0,0,232
4675,250,0,0,250
4676,248,0,0,248
4677,255,16,0,271
4678,255,37,0,292
4679,255,34,0,289
4680,255,55,0,310
4681,255,6,0,261
4682,255,77,0,332
4683,255,7,0,262
4684,255,40,0,295
4685,255,36,0,291
4686,255,16,0,271
4687,255,5,0,260
4688,255,31,0,286
4689,255,32,0,287
4690,255,20,0,275
4691,255,14,0,269
4692,249,0,0,249
4693,244,0,0,244
4694,255,43,0,298
4695,228,0,0,228
4696,224,0,0,224
4697,255,11,0,266
4698,255,12,0,267
4699,232,0,0,232
4700,255,94,0,349
4701,255,40,0,295
4702,251,0,0,251
4703,221,0,0,221
4704,212,0,0,212
4705,250,0,0,250
4706,237,0,0,237
4707,255,12,0,267
4708,254,0,0,254
4709,255,9,0,264
4710,255,56,0,311
4711,255,148,0,403
4712,255,35,0,290
4713,255,29,0,284
4714,255,36,0,291
4715,255,18,0,273
4716,255,2,0,257
4717,250,0,0,250
4718,255,18,0,273
4719,255,18,0,273
4720,255,42,0,297
4721,255,34,0,289
4722,255,61,0,316
4723,255,8,0,263
4724,245,0,0,245
4725,255,52,0,307
4726,247,0,0,247
4727,255,3,0,258
4728,255,42,0,297
4729,255,37,0,292
4730,215,0,0,215
4731,255,38,0,293
4732,255,18,0,273
4733,255,25,0,280
4734,255,11,0,266
4735,244,0,0,244
4736,250,0,0,250
4737,231,0,0,231
4738,227,0,0,227
4739,255,7,0,262
4740,255,1,0,256
4741,255,10,0,265
4742,255,65,0,320
4743,237,0,0,237
4744,255,12,0,267
4745,255,22,0,277
4746,254,0,0,254
4747,255,150,0,405
4748,255,44,0,299
4749,255,12,0,267
4750,255,30,0,285
4751,255,22,0,277
4752,255,12,0,267
4753,255,15,0,270
4754,255,0,0,255
4755,255,6,0,261
4756,255,6,0,261
4757,255,30,0,285
4758,255,10,0,265
4759,255,20,0,275
4760,255,16,0,271
4761,191,0,0,191
4762,255,1,0,256
4763,249,0,0,249
4764,218,0,0,218
4765,255,25,0,280
4766,238,0,0,238
4767,244,0,0,244
4768,255,17,0,272
4769,255,73,0,328
4770,255,7,0,262
4771,255,19,0,274
4772,255,21,0,276
4773,255,8,0,263
4774,255,73,0,328
4775,255,66,0,321
4776,234,0,0,234
4777,255,46,0,301
4778,255,72,0,327
4779,255,12,0,267
4780,255,2,0,257
4781,255,15,0,270
4782,237,0,0,237
4783,255,9,0,264
4784,255,25,0,280
4785,255,84,0,339
4786,255,9,0,264
4787,255,27,0,282
4788,255,38,0,293
4789,255,65,0,320
4790,255,77,0,332
4791,255,44,0,299
4792,255,38,0,293
4793,255,5,0,260
4794,255,36,0,291
4795,248,0,0,248
4796,255,12,0,267
4797,231,0,0,231
4798,255,27,0,282
4799,248,0,0,248
4800,255,57,0,312
4801,255,19,0,274
4802,255,12,0,267
4803,230,0,0,230
4804,255,12,0,267
4805,248,0,0,248
4806,255,25,0,280
4807,255,21,0,276
4808,255,44,0,299
4809,237,0,0,237
4810,255,5,0,260
4811,255,41,0,296
4812,255,62,0,317
4813,255,35,0,290
4814,242,0,0,242
4815,255,81,0,336
4816,255,0,0,255
4817,255,63,0,318
4818,255,7,0,262
4819,255,5,0,260
4820,255,38,0,293
4821,239,0,0,239
4822,255,11,0,266
4823,255,40,0,295
4824,255,10,0,265
4825,255,43,0,298
4826,255,41,0,296
4827,232,0,0,232
4828,254,0,0,254
4829,235,0,0,235
4830,255,17,0,272
4831,255,5,0,260
4832,255,38,0,293
4833,230,0,0,230
4834,255,3,0,258
4835,255,8,0,263
4836,255,24,0,279
4837,250,0,0,250
4838,255,6,0,261
4839,217,0,0,217
4840,255,12,0,267
4841,255,7,0,262
4842,228,0,0,228
4843,247,0,0,247
4844,255,30,0,285
4845,255,12,0,267
4846,255,10,0,265
4847,255,25,0,280
4848,255,145,0,400
4849,255,42,0,297
4850,255,44,0,299
4851,255,25,0,280
4852,255,42,0,297
4853,255,38,0,293
4854,255,22,0,277
4855,255,63,0,318
4856,255,24,0,279
4857,255,13,0,268
4858,255,28,0,283
4859,255,22,0,277
4860,255,146,0,401
4861,255,54,0,309
4862,255,165,0,420
4863,255,32,0,287
4864,255,88,0,343
4865,255,118,0,373
4866,255,71,0,326
4867,255,53,0,308
4868,255,86,0,341
4869,255,63,0,318
4870,252,0,0,252
4871,255,2,0,257
4872,255,9,0,264
4873,255,10,0,265
4874,255,25,0,280
4875,255,13,0,268
4876,255,29,0,284
4877,255,2,0,257
4878,255,40,0,295
4879,255,57,0,312
4880,255,24,0,279
4881,255,18,0,273
4882,255,16,0,271
4883,255,9,0,264
4884,255,101,0,356
4885,255,11,0,266
4886,255,25,0,280
4887,255,27,0,282
4888,255,34,0,289
4889,255,4,0,259
4890,255,6,0,261
4891,255,35,0,290
4892,242,0,0,242
4893,255,22,0,277
4894,234,0,0,234
4895,255,19,0,274
4896,255,7,0,262
4897,237,0,0,237
4898,250,0,0,250
4899,247,0,0,247
4900,255,26,0,281
4901,255,59,0,314
4902,255,13,0,268
4903,253,0,0,253
4904,204,0,0,204
4905,198,0,0,198
4906,249,0,0,249
4907,239,0,0,239
4908,255,8,0,263
4909,255,36,0,291
4910,255,16,0,271
4911,255,46,0,301
4912,255,6,0,261
4913,255,22,0,277
4914,255,5,0,260
4915,255,2,0,257
4916,255,22,0,277
4917,246,0,0,246
4918,255,16,0,271
4919,255,13,0,268
4920,243,0,0,243
4921,255,16,0,271
4922,249,0,0,249
4923,255,29,0,284
4924,255,12,0,267
4925,255,1,0,256
4926,231,0,0,231
4927,220,0,0,220
4928,215,0,0,215
4929,235,0,0,235
4930,218,0,0,218
4931,237,0,0,237
4932,255,55,0,310
4933,238,0,0,238
4934,185,0,0,185
4935,237,0,0,237
4936,255,40,0,295
4937,255,21,0,276
4938,239,0,0,239
4939,255,21,0,276
4940,195,0,0,195
4941,255,27,0,282
4942,254,0,0,254
4943,230,0,0,230
4944,239,0,0,239
4945,231,0,0,231
4946,249,0,0,249
4947,255,1,0,256
4948,246,0,0,246
4949,255,132,0,387
4950,255,35,0,290
4951,255,34,0,289
4952,255,4,0,259
4953,255,1,0,256
4954,255,7,0,262
4955,251,0,0,251
4956,249,0,0,249
4957,255,31,0,286
4958,255,18,0,273
4959,255,39,0,294
4960,255,4,0,259
4961,252,0,0,252
4962,208,0,0,208
4963,221,0,0,221
4964,255,5,0,260
4965,226,0,0,226
4966,255,12,0,267
4967,255,57,0,312
4968,230,0,0,230
4969,255,12,0,267
4970,220,0,0,220
4971,255,2,0,257
4972,255,40,0,295
4973,255,30,0,285
4974,255,11,0,266
4975,243,0,0,243
4976,255,3,0,258
4977,255,30,0,285
4978,240,0,0,240
4979,255,40,0,295
4980,255,9,0,264
4981,238,0,0,238
4982,255,31,0,286
4983,255,18,0,273
4984,248,0,0,248
4985,250,0,0,250
4986,227,0,0,227
4987,255,31,0,286
4988,255,1,0,256
4989,255,111,0,366
4990,239,0,0,239
4991,255,39,0,294
4992,255,1,0,256
4993,235,0,0,235
4994,255,54,0,309
4995,245,0,0,245
4996,221,0,0,221
4997,255,18,0,273
4998,252,0,0,252
4999,255,16,0,271
5000,255,180,0,435
5001,255,120,0,375
5002,255,48,0,303
5003,255,28,0,283
5004,255,86,0,341
5005,255,87,0,342
5006,255,18,0,273
5007,255,50,0,305
5008,255,26,0,281
5009,254,0,0,254
5010,255,80,0,335
5011,255,77,0,332
5012,255,39,0,294
5013,255,103,0,358
5014,255,46,0,301
5015,255,41,0,296
5016,250,0,0,250
5017,255,49,0,304
5018,255,26,0,281
5019,255,41,0,296
5020,255,70,0,325
5021,255,54,0,309
5022,255,52,0,307
5023,255,22,0,277
5024,255,61,0,316
5025,255,53,0,308
5026,255,17,0,272
5027,255,37,0,292
5028,255,61,0,316
5029,255,20,0,275
5030,255,29,0,284
5031,255,25,0,280
5032,255,47,0,302
5033,255,45,0,300
5034,255,22,0,277
5035,237,0,0,237
5036,227,0,0,227
5037,255,6,0,261
5038,255,32,0,287
5039,228,0,0,228
5040,255,36,0,291
5041,255,32,0,287
5042,255,30,0,285
5043,255,17,0,272
5044,255,28,0,283
5045,255,27,0,282
5046,255,10,0,265
5047,243,0,0,243
5048,255,4,0,259
5049,255,12,0,267
5050,255,198,0,453
5051,255,63,0,318
5052,255,58,0,313
5053,255,27,0,282
5054,255,16,0,271
5055,255,58,0,313
5056,255,22,0,277
5057,244,0,0,244
5058,255,19,0,274
5059,255,11,0,266
5060,255,65,0,320
5061,236,0,0,236
5062,236,0,0,236
5063,247,0,0,247
5064,255,41,0,296
5065,251,0,0,251
5066,234,0,0,234
5067,234,0,0,234
5068,220,0,0,220
5069,254,0,0,254
5070,255,92,0,347
5071,255,14,0,269
5072,255,1,0,256
5073,210,0,0,210
5074,255,36,0,291
5075,255,6,0,261
5076,227,0,0,227
5077,255,36,0,291
5078,255,4,0,259
5079,255,12,0,267
5080,255,45,0,300
5081,253,0,0,253
5082,255,35,0,290
5083,248,0,0,248
5084,226,0,0,226
5085,255,18,0,273
5086,215,0,0,215
5087,255,19,0,274
5088,255,40,0,295
5089,255,39,0,294
5090,255,39,0,294
5091,255,33,0,288
5092,240,0,0,240
5093,226,0,0,226
5094,221,0,0,221
5095,248,0,0,248
5096,242,0,0,242
5097,212,0,0,212
5098,244,0,0,244
5099,218,0,0,218
5100,255,52,0,307
5101,255,34,0,289
5102,255,49,0,304
5103,255,48,0,303
5104,255,75,0,330
5105,255,86,0,341
5106,255,12,0,267
5107,255,35,0,290
5108,255,44,0,299
5109,251,0,0,251
5110,255,50,0,305
5111,255,58,0,313
5112,255,107,0,362
5113,255,28,0,283
5114,255,31,0,286
5115,255,100,0,355
5116,255,61,0,316
5117,255,59,0,314
5118,255,26,0,281
5119,255,1,0,256
5120,255,65,0,320
5121,255,78,0,333
5122,255,24,0,279
5123,255,113,0,368
5124,255,58,0,313
5125,255,38,0,293
5126,255,54,0,309
5127,255,10,0,265
5128,248,0,0,248
5129,255,117,0,372
5130,255,45,0,300
5131,255,14,0,269
5132,255,42,0,297
5133,255,60,0,315
5134,255,18,0,273
5135,255,34,0,289
5136,250,0,0,250
5137,242,0,0,242
5138,255,30,0,285
5139,255,21,0,276
5140,255,34,0,289
5141,255,44,0,299
5142,255,27,0,282
5143,255,30,0,285
5144,255,48,0,303
5145,255,21,0,276
5146,227,0,0,227
5147,255,36,0,291
5148,252,0,0,252
5149,255,24,0,279
5150,255,252,0,507
5151,255,155,0,410
5152,255,68,0,323
5153,255,83,0,338
5154,255,68,0,323
5155,255,75,0,330
5156,255,51,0,306
5157,255,52,0,307
5158,255,25,0,280
5159,255,14,0,269
5160,255,71,0,326
5161,255,9,0,264
5162,255,55,0,310
5163,255,14,0,269
5164,255,39,0,294
5165,255,55,0,310
5166,255,22,0,277
5167,255,6,0,261
5168,255,82,0,337
5169,255,77,0,332
5170,255,14,0,269
5171,255,43,0,298
5172,255,31,0,286
5173,255,7,0,262
5174,255,33,0,288
5175,255,21,0,276
5176,255,16,0,271
5177,255,75,0,330
5178,244,0,0,244
5179,251,0,0,251
5180,255,44,0,299
5181,255,18,0,273
5182,255,16,0,271
5183,255,2,0,257
5184,255,30,0,285
5185,244,0,0,244
5186,246,0,0,246
5187,255,10,0,265
5188,255,42,0,297
5189,255,29,0,284
5190,255,4,0,259
5191,255,47,0,302
5192,238,0,0,238
5193,255,79,0,334
5194,195,0,0,195
5195,226,0,0,226
5196,218,0,0,218
5197,247,0,0,247
5198,255,7,0,262
5199,255,26,0,281
5200,255,89,0,344
5201,255,41,0,296
5202,255,69,0,324
5203,255,29,0,284
5204,255,46,0,301
5205,255,36,0,291
5206,249,0,0,249
5207,255,1,0,256
5208,255,14,0,269
5209,223,0,0,223
5210,255,77,0,332
5211,255,74,0,329
5212,255,95,0,350
5213,255,72,0,327
5214,255,44,0,299
5215,255,23,0,278
5216,255,36,0,291
5217,255,45,0,300
5218,255,30,0,285
5219,255,19,0,274
5220,255,42,0,297
5221,255,89,0,344
5222,255,70,0,325
5223,255,73,0,328
5224,255,34,0,289
5225,255,117,0,372
5226,255,35,0,290
5227,255,36,0,291
5228,255,31,0,286
5229,255,32,0,287
5230,255,57,0,312
5231,255,49,0,304
5232,255,76,0,331
5233,255,98,0,353
5234,255,53,0,308
5235,255,51,0,306
5236,255,74,0,329
5237,255,27,0,282
5238,254,0,0,254
5239,255,35,0,290
5240,255,35,0,290
5241,255,44,0,299
5242,255,61,0,316
5243,255,24,0,279
5244,255,28,0,283
5245,255,68,0,323
5246,255,89,0,344
5247,255,26,0,281
5248,255,69,0,324
5249,255,2,0,257
5250,255,68,0,323
5251,255,69,0,324
5252,255,203,0,458
5253,255,74,0,329
5254,255,78,0,333
5255,255,69,0,324
5256,255,48,0,303
5257,255,70,0,325
5258,255,34,0,289
5259,255,44,0,299
5260,255,16,0,271
5261,255,24,0,279
5262,255,51,0,306
5263,255,89,0,344
5264,255,28,0,283
5265,255,15,0,270
5266,255,31,0,286
5267,255,2,0,257
5268,255,50,0,305
5269,255,41,0,296
5270,255,71,0,326
5271,255,35,0,290
5272,255,39,0,294
5273,252,0,0,252
5274,247,0,0,247
5275,255,19,0,274
5276,255,43,0,298
5277,255,41,0,296
5278,255,0,0,255
5279,255,40,0,295
5280,255,66,0,321
5281,255,13,0,268
5282,255,56,0,311
5283,255,31,0,286
5284,255,50,0,305
5285,255,43,0,298
5286,250,0,0,250
5287,255,0,0,255
5288,255,41,0,296
5289,255,24,0,279
5290,255,12,0,267
5291,255,54,0,309
5292,255,40,0,295
5293,255,34,0,289
5294,255,26,0,281
5295,255,30,0,285
5296,250,0,0,250
5297,255,21,0,276
5298,255,28,0,283
5299,255,14,0,269
5300,255,41,0,296
5301,255,22,0,277
5302,249,0,0,249
5303,255,2,0,257
5304,255,55,0,310
5305,255,18,0,273
5306,255,67,0,322
5307,255,25,0,280
5308,255,72,0,327
5309,255,14,0,269
5310,255,61,0,316
5311,255,46,0,301
5312,255,60,0,315
5313,255,5,0,260
5314,255,22,0,277
5315,255,65,0,320
5316,255,16,0,271
5317,255,23,0,278
5318,255,41,0,296
5319,235,0,0,235
5320,255,35,0,290
5321,255,69,0,324
5322,255,29,0,284
5323,255,19,0,274
5324,255,34,0,289
5325,255,80,0,335
5326,255,41,0,296
5327,244,0,0,244
5328,220,0,0,220
5329,255,11,0,266
5330,255,56,0,311
5331,255,45,0,300
5332,255,10,0,265
5333,255,84,0,339
5334,255,14,0,269
5335,255,64,0,319
5336,230,0,0,230
5337,255,55,0,310
5338,240,0,0,240
5339,230,0,0,230
5340,247,0,0,247
5341,255,10,0,265
5342,255,42,0,297
5343,255,6,0,261
5344,255,32,0,287
5345,255,21,0,276
5346,255,40,0,295
5347,255,36,0,291
5348,255,50,0,305
5349,235,0,0,235
5350,255,10,0,265
5351,255,40,0,295
5352,255,28,0,283
5353,255,132,0,387
5354,255,95,0,350
5355,255,55,0,310
5356,255,44,0,299
5357,255,26,0,281
5358,255,38,0,293
5359,255,18,0,273
5360,255,25,0,280
5361,235,0,0,235
5362,255,77,0,332
5363,255,36,0,291
5364,255,2,0,257
5365,231,0,0,231
5366,255,73,0,328
5367,250,0,0,250
5368,255,9,0,264
5369,255,15,0,270
5370,255,14,0,269
5371,255,3,0,258
5372,255,16,0,271
5373,218,0,0,218
5374,237,0,0,237
5375,255,83,0,338
5376,215,0,0,215
5377,255,54,0,309
5378,255,26,0,281
5379,255,21,0,276
5380,250,0,0,250
5381,255,12,0,267
5382,249,0,0,249
5383,252,0,0,252
5384,255,29,0,284
5385,238,0,0,238
5386,255,56,0,311
5387,255,19,0,274
5388,255,14,0,269
5389,218,0,0,218
5390,255,35,0,290
5391,255,21,0,276
5392,255,28,0,283
5393,224,0,0,224
5394,227,0,0,227
5395,242,0,0,242
5396,235,0,0,235
5397,255,25,0,280
5398,224,0,0,224
5399,250,0,0,250
5400,255,73,0,328
5401,255,31,0,286
5402,255,22,0,277
5403,250,0,0,250
5404,255,76,0,331
5405,248,0,0,248
5406,227,0,0,227
5407,255,28,0,283
5408,255,44,0,299
5409,255,8,0,263
5410,255,81,0,336
5411,255,56,0,311
5412,255,93,0,348
5413,255,51,0,306
5414,255,32,0,287
5415,255,51,0,306
5416,255,38,0,293
5417,255,82,0,337
5418,255,47,0,302
5419,255,49,0,304
5420,255,86,0,341
5421,255,88,0,343
5422,255,21,0,276
5423,255,90,0,345
5424,255,97,0,352
5425,255,208,0,463
5426,255,43,0,298
5427,255,13,0,268
5428,255,30,0,285
5429,250,0,0,250
5430,255,9,0,264
5431,255,46,0,301
5432,255,118,0,373
5433,255,78,0,333
5434,255,34,0,289
5435,255,38,0,293
5436,255,17,0,272
5437,255,21,0,276
5438,255,57,0,312
5439,255,35,0,290
5440,255,50,0,305
5441,255,49,0,304
5442,255,19,0,274
5443,255,6,0,261
5444,255,37,0,292
5445,255,69,0,324
5446,255,32,0,287
5447,255,18,0,273
5448,255,2,0,257
5449,255,2,0,257
5450,255,19,0,274
5451,255,55,0,310
5452,255,30,0,285
5453,255,21,0,276
5454,255,179,0,434
5455,255,89,0,344
5456,255,100,0,355
5457,255,29,0,284
5458,255,69,0,324
5459,255,29,0,284
5460,255,26,0,281
5461,255,50,0,305
5462,255,45,0,300
5463,255,58,0,313
5464,255,66,0,321
5465,255,62,0,317
5466,255,56,0,311
5467,255,42,0,297
5468,255,44,0,299
5469,255,24,0,279
5470,255,18,0,273
5471,255,31,0,286
5472,255,48,0,303
5473,255,3,0,258
5474,255,29,0,284
5475,255,38,0,293
5476,255,36,0,291
5477,255,72,0,327
5478,255,65,0,320
5479,255,16,0,271
5480,250,0,0,250
5481,255,42,0,297
5482,255,19,0,274
5483,255,14,0,269
5484,255,22,0,277
5485,255,35,0,290
5486,255,72,0,327
5487,255,33,0,288
5488,255,74,0,329
5489,255,30,0,285
5490,255,0,0,255
5491,255,25,0,280
5492,255,19,0,274
5493,251,0,0,251
5494,255,70,0,325
5495,238,0,0,238
5496,255,17,0,272
5497,220,0,0,220
5498,255,25,0,280
5499,255,5,0,260
5500,255,78,0,333
5501,255,40,0,295
5502,255,20,0,275
5503,255,79,0,334
5504,255,61,0,316
5505,255,34,0,289
5506,255,32,0,287
5507,255,51,0,306
5508,250,0,0,250
5509,255,17,0,272
5510,255,55,0,310
5511,255,85,0,340
5512,255,67,0,322
5513,255,55,0,310
5514,255,56,0,311
5515,255,37,0,292
5516,255,21,0,276
5517,255,46,0,301
5518,255,10,0,265
5519,255,18,0,273
5520,255,40,0,295
5521,255,60,0,315
5522,255,92,0,347
5523,255,82,0,337
5524,255,25,0,280
5525,255,126,0,381
5526,255,31,0,286
5527,255,4,0,259
5528,255,63,0,318
5529,255,23,0,278
5530,255,10,0,265
5531,255,28,0,283
5532,255,5,0,260
5533,255,88,0,343
5534,255,31,0,286
5535,255,59,0,314
5536,255,42,0,297
5537,249,0,0,249
5538,227,0,0,227
5539,255,18,0,273
5540,251,0,0,251
5541,255,24,0,279
5542,255,31,0,286
5543,255,54,0,309
5544,255,99,0,354
5545,255,68,0,323
5546,255,68,0,323
5547,255,8,0,263
5548,255,70,0,325
5549,210,0,0,210
5550,255,24,0,279
5551,255,59,0,314
5552,255,41,0,296
5553,255,44,0,299
5554,255,59,0,314
5555,255,255,60,570
5556,255,73,0,328
5557,255,53,0,308
5558,255,44,0,299
5559,255,38,0,293
5560,255,47,0,302
5561,255,24,0,279
5562,255,43,0,298
5563,255,57,0,312
5564,255,56,0,311
5565,255,72,0,327
5566,255,133,0,388
5567,255,66,0,321
5568,255,31,0,286
5569,255,44,0,299
5570,255,27,0,282
5571,255,19,0,274
5572,255,35,0,290
5573,255,9,0,264
5574,255,88,0,343
5575,255,76,0,331
5576,255,47,0,302
5577,255,107,0,362
5578,255,50,0,305
5579,255,51,0,306
5580,255,40,0,295
5581,255,23,0,278
5582,255,22,0,277
5583,250,0,0,250
5584,255,39,0,294
5585,255,63,0,318
5586,255,54,0,309
5587,255,41,0,296
5588,255,137,0,392
5589,255,34,0,289
5590,255,42,0,297
5591,255,39,0,294
5592,255,19,0,274
5593,255,48,0,303
5594,250,0,0,250
5595,255,57,0,312
5596,255,16,0,271
5597,253,0,0,253
5598,255,38,0,293
5599,255,62,0,317
5600,255,68,0,323
5601,255,17,0,272
5602,255,48,0,303
5603,255,52,0,307
5604,255,18,0,273
5605,253,0,0,253
5606,255,42,0,297
5607,246,0,0,246
5608,244,0,0,244
5609,255,9,0,264
5610,255,48,0,303
5611,255,25,0,280
5612,255,64,0,319
5613,255,19,0,274
5614,255,22,0,277
5615,255,14,0,269
5616,255,31,0,286
5617,255,18,0,273
5618,255,29,0,284
5619,255,15,0,270
5620,255,33,0,288
5621,255,67,0,322
5622,255,34,0,289
5623,255,89,0,344
5624,255,51,0,306
5625,255,73,0,328
5626,255,37,0,292
5627,234,0,0,234
5628,255,62,0,317
5629,255,40,0,295
5630,255,37,0,292
5631,250,0,0,250
5632,255,48,0,303
5633,255,48,0,303
5634,255,37,0,292
5635,255,50,0,305
5636,252,0,0,252
5637,255,15,0,270
5638,251,0,0,251
5639,255,52,0,307
5640,250,0,0,250
5641,255,44,0,299
5642,245,0,0,245
5643,255,32,0,287
5644,255,34,0,289
5645,255,55,0,310
5646,255,114,0,369
5647,255,38,0,293
5648,255,34,0,289
5649,250,0,0,250
5650,255,16,0,271
5651,255,27,0,282
5652,255,36,0,291
5653,254,0,0,254
5654,255,107,0,362
5655,255,46,0,301
5656,255,192,0,447
5657,255,64,0,319
5658,255,25,0,280
5659,255,17,0,272
5660,255,41,0,296
5661,255,33,0,288
5662,255,9,0,264
5663,255,21,0,276
5664,255,33,0,288
5665,255,117,0,372
5666,255,35,0,290
5667,255,45,0,300
5668,255,32,0,287
5669,255,50,0,305
5670,255,13,0,268
5671,255,21,0,276
5672,255,6,0,261
5673,255,68,0,323
5674,255,90,0,345
5675,255,35,0,290
5676,255,45,0,300
5677,255,95,0,350
5678,255,220,0,475
5679,255,39,0,294
5680,255,11,0,266
5681,255,27,0,282
5682,255,38,0,293
5683,255,157,0,412
5684,255,0,0,255
5685,247,0,0,247
5686,255,33,0,288
5687,255,74,0,329
5688,255,28,0,283
5689,255,95,0,350
5690,255,16,0,271
5691,255,21,0,276
5692,255,3,0,258
5693,255,70,0,325
5694,245,0,0,245
5695,254,0,0,254
5696,255,46,0,301
5697,255,33,0,288
5698,255,63,0,318
5699,255,0,0,255
5700,255,34,0,289
5701,255,4,0,259
5702,255,42,0,297
5703,243,0,0,243
5704,239,0,0,239
5705,246,0,0,246
5706,202,0,0,202
5707,232,0,0,232
5708,255,17,0,272
5709,255,22,0,277
5710,255,25,0,280
5711,255,67,0,322
5712,255,43,0,298
5713,255,62,0,317
5714,255,34,0,289
5715,255,63,0,318
5716,255,19,0,274
5717,255,0,0,255
5718,249,0,0,249
5719,255,6,0,261
5720,240,0,0,240
5721,251,0,0,251
5722,255,2,0,257
5723,255,23,0,278
5724,255,11,0,266
5725,237,0,0,237
5726,208,0,0,208
5727,255,17,0,272
5728,238,0,0,238
5729,213,0,0,213
5730,255,12,0,267
5731,238,0,0,238
5732,242,0,0,242
5733,255,30,0,285
5734,247,0,0,247
5735,255,57,0,312
5736,255,9,0,264
5737,245,0,0,245
5738,237,0,0,237
5739,239,0,0,239
5740,235,0,0,235
5741,255,6,0,261
5742,237,0,0,237
5743,230,0,0,230
5744,253,0,0,253
5745,239,0,0,239
5746,255,72,0,327
5747,255,38,0,293
5748,255,40,0,295
5749,213,0,0,213
5750,255,21,0,276
5751,250,0,0,250
5752,255,38,0,293
5753,255,7,0,262
5754,255,60,0,315
5755,255,30,0,285
5756,255,14,0,269
5757,255,147,0,402
5758,255,58,0,313
5759,255,43,0,298
5760,255,16,0,271
5761,255,25,0,280
5762,255,19,0,274
5763,255,84,0,339
5764,255,21,0,276
5765,255,44,0,299
5766,250,0,0,250
5767,255,14,0,269
5768,255,46,0,301
5769,255,37,0,292
5770,255,24,0,279
5771,255,39,0,294
5772,255,2,0,257
5773,254,0,0,254
5774,236,0,0,236
5775,255,50,0,305
5776,255,28,0,283
5777,255,54,0,309
5778,255,18,0,273
5779,255,9,0,264
5780,255,19,0,274
5781,255,51,0,306
5782,255,17,0,272
5783,255,19,0,274
5784,255,4,0,259
5785,255,24,0,279
5786,255,26,0,281
5787,255,34,0,289
5788,255,93,0,348
5789,255,66,0,321
5790,255,44,0,299
5791,255,57,0,312
5792,255,16,0,271
5793,230,0,0,230
5794,235,0,0,235
5795,243,0,0,243
5796,240,0,0,240
5797,255,12,0,267
5798,255,15,0,270
5799,255,18,0,273
5800,255,52,0,307
5801,255,18,0,273
5802,255,3,0,258
5803,246,0,0,246
5804,255,41,0,296
5805,255,11,0,266
5806,232,0,0,232
5807,255,0,0,255
5808,255,59,0,314
5809,255,61,0,316
5810,255,24,0,279
5811,255,38,0,293
5812,255,47,0,302
5813,255,2,0,257
5814,255,3,0,258
5815,255,1,0,256
5816,255,14,0,269
5817,208,0,0,208
5818,255,20,0,275
5819,255,33,0,288
5820,255,33,0,288
5821,255,37,0,292
5822,255,18,0,273
5823,255,21,0,276
5824,255,34,0,289
5825,255,72,0,327
5826,255,24,0,279
5827,255,27,0,282
5828,255,9,0,264
5829,255,26,0,281
5830,255,14,0,269
5831,255,14,0,269
5832,255,29,0,284
5833,255,26,0,281
5834,250,0,0,250
5835,238,0,0,238
5836,255,16,0,271
5837,238,0,0,238
5838,217,0,0,217
5839,255,14,0,269
5840,255,44,0,299
5841,255,61,0,316
5842,255,30,0,285
5843,255,32,0,287
5844,255,87,0,342
5845,255,0,0,255
5846,255,69,0,324
5847,255,41,0,296
5848,255,13,0,268
5849,255,9,0,264
5850,255,29,0,284
5851,255,9,0,264
5852,255,51,0,306
5853,255,1,0,256
5854,255,16,0,271
5855,255,11,0,266
5856,250,0,0,250
5857,255,31,0,286
5858,255,152,0,407
5859,255,44,0,299
5860,255,25,0,280
5861,255,87,0,342
5862,255,17,0,272
5863,255,18,0,273
5864,255,30,0,285
5865,255,17,0,272
5866,255,42,0,297
5867,255,8,0,263
5868,255,19,0,274
5869,255,60,0,315
5870,255,3,0,258
5871,237,0,0,237
5872,254,0,0,254
5873,242,0,0,242
5874,255,38,0,293
5875,255,10,0,265
5876,255,22,0,277
5877,255,23,0,278
5878,255,46,0,301
5879,255,57,0,312
5880,255,91,0,346
5881,255,100,0,355
5882,255,92,0,347
5883,255,2,0,257
5884,255,8,0,263
5885,255,74,0,329
5886,255,9,0,264
5887,255,27,0,282
5888,255,148,0,403
5889,255,15,0,270
5890,255,11,0,266
5891,255,38,0,293
5892,255,16,0,271
5893,254,0,0,254
5894,255,37,0,292
5895,255,43,0,298
5896,255,36,0,291
5897,255,18,0,273
5898,255,41,0,296
5899,255,31,0,286
5900,255,16,0,271
5901,255,25,0,280
5902,240,0,0,240
5903,231,0,0,231
5904,255,26,0,281
5905,231,0,0,231
5906,255,41,0,296
5907,255,4,0,259
5908,255,26,0,281
5909,238,0,0,238
5910,255,14,0,269
5911,255,31,0,286
5912,255,89,0,344
5913,255,31,0,286
5914,255,11,0,266
5915,249,0,0,249
5916,247,0,0,247
5917,254,0,0,254
5918,249,0,0,249
5919,234,0,0,234
5920,243,0,0,243
5921,232,0,0,232
5922,255,10,0,265
5923,250,0,0,250
5924,255,2,0,257
5925,232,0,0,232
5926,255,0,0,255
5927,255,21,0,276
5928,185,0,0,185
5929,223,0,0,223
5930,242,0,0,242
5931,255,26,0,281
5932,255,19,0,274
5933,228,0,0,228
5934,206,0,0,206
5935,210,0,0,210
5936,224,0,0,224
5937,255,30,0,285
5938,232,0,0,232
5939,234,0,0,234
5940,255,48,0,303
5941,255,4,0,259
5942,240,0,0,240
5943,255,0,0,255
5944,247,0,0,247
5945,255,4,0,259
5946,255,66,0,321
5947,226,0,0,226
5948,217,0,0,217
5949,237,0,0,237
5950,255,36,0,291
5951,255,6,0,261
5952,255,2,0,257
5953,255,32,0,287
5954,244,0,0,244
5955,255,33,0,288
5956,220,0,0,220
5957,255,69,0,324
5958,235,0,0,235
5959,255,136,0,391
5960,255,67,0,322
5961,255,11,0,266
5962,255,19,0,274
5963,255,86,0,341
5964,239,0,0,239
5965,255,2,0,257
5966,255,60,0,315
5967,255,73,0,328
5968,255,2,0,257
5969,255,58,0,313
5970,255,32,0,287
5971,255,5,0,260
5972,226,0,0,226
5973,246,0,0,246
5974,247,0,0,247
5975,255,3,0,258
5976,243,0,0,243
5977,255,26,0,281
5978,255,71,0,326
5979,251,0,0,251
5980,227,0,0,227
5981,255,5,0,260
5982,210,0,0,210
5983,255,38,0,293
5984,242,0,0,242
5985,255,32,0,287
5986,255,31,0,286
5987,255,16,0,271
5988,255,34,0,289
5989,255,36,0,291
5990,255,19,0,274
5991,255,2,0,257
5992,226,0,0,226
5993,228,0,0,228
5994,215,0,0,215
5995,255,37,0,292
5996,215,0,0,215
5997,237,0,0,237
5998,255,8,0,263
5999,255,22,0,277
6000,255,83,0,338
6001,255,46,0,301
6002,255,11,0,266
6003,255,4,0,259
6004,255,13,0,268
6005,242,0,0,242
6006,255,52,0,307
6007,255,31,0,286
6008,255,30,0,285
6009,255,18,0,273
6010,255,25,0,280
6011,255,26,0,281
6012,255,39,0,294
6013,226,0,0,226
6014,253,0,0,253
6015,255,36,0,291
6016,255,1,0,256
6017,255,85,0,340
6018,226,0,0,226
6019,246,0,0,246
6020,255,22,0,277
6021,255,34,0,289
6022,255,25,0,280
6023,255,48,0,303
6024,255,14,0,269
6025,255,18,0,273
6026,224,0,0,224
6027,255,17,0,272
6028,231,0,0,231
6029,255,34,0,289
6030,255,9,0,264
6031,255,27,0,282
6032,250,0,0,250
6033,255,40,0,295
6034,240,0,0,240
6035,255,21,0,276
6036,255,58,0,313
6037,249,0,0,249
6038,212,0,0,212
6039,177,0,0,177
6040,255,35,0,290
6041,220,0,0,220
6042,238,0,0,238
6043,230,0,0,230
6044,255,19,0,274
6045,246,0,0,246
6046,255,11,0,266
6047,230,0,0,230
6048,240,0,0,240
6049,230,0,0,230
6050,255,18,0,273
6051,240,0,0,240
6052,213,0,0,213
6053,213,0,0,213
6054,227,0,0,227
6055,223,0,0,223
6056,198,0,0,198
6057,230,0,0,230
6058,210,0,0,210
6059,191,0,0,191
6060,255,107,0,362
6061,255,45,0,300
6062,255,23,0,278
6063,247,0,0,247
6064,255,48,0,303
6065,239,0,0,239
6066,255,38,0,293
6067,255,4,0,259
6068,255,25,0,280
6069,255,46,0,301
6070,255,2,0,257
6071,206,0,0,206
6072,213,0,0,213
6073,200,0,0,200
6074,240,0,0,240
6075,226,0,0,226
6076,218,0,0,218
6077,227,0,0,227
6078,191,0,0,191
6079,195,0,0,195
6080,245,0,0,245
6081,237,0,0,237
6082,170,0,0,170
6083,255,8,0,263
6084,195,0,0,195
6085,217,0,0,217
6086,208,0,0,208
6087,228,0,0,228
6088,255,12,0,267
6089,224,0,0,224
6090,252,0,0,252
6091,228,0,0,228
6092,198,0,0,198
6093,158,0,0,158
6094,195,0,0,195
6095,185,0,0,185
6096,183,0,0,183
6097,188,0,0,188
6098,180,0,0,180
6099,255,38,0,293
6100,255,40,0,295
6101,255,38,0,293
6102,255,33,0,288
6103,236,0,0,236
6104,255,19,0,274
6105,255,2,0,257
6106,249,0,0,249
6107,255,8,0,263
6108,248,0,0,248
6109,255,57,0,312
6110,255,56,0,311
6111,255,57,0,312
6112,255,74,0,329
6113,255,22,0,277
6114,255,16,0,271
6115,255,32,0,287
6116,255,45,0,300
6117,255,2,0,257
6118,255,9,0,264
6119,255,23,0,278
6120,255,51,0,306
6121,248,0,0,248
6122,255,40,0,295
6123,255,69,0,324
6124,255,5,0,260
6125,255,90,0,345
6126,255,53,0,308
6127,244,0,0,244
6128,255,25,0,280
6129,255,11,0,266
6130,255,13,0,268
6131,231,0,0,231
6132,252,0,0,252
6133,255,24,0,279
6134,255,16,0,271
6135,255,0,0,255
6136,255,3,0,258
6137,215,0,0,215
6138,221,0,0,221
6139,212,0,0,212
6140,230,0,0,230
6141,244,0,0,244
6142,223,0,0,223
6143,255,9,0,264
6144,255,6,0,261
6145,255,46,0,301
6146,255,1,0,256
6147,255,11,0,266
6148,255,7,0,262
6149,245,0,0,245
6150,255,34,0,289
6151,247,0,0,247
6152,244,0,0,244
6153,255,2,0,257
6154,255,51,0,306
6155,255,63,0,318
6156,255,1,0,256
6157,255,47,0,302
6158,255,4,0,259
6159,250,0,0,250
6160,255,42,0,297
6161,255,106,0,361
6162,255,30,0,285
6163,255,38,0,293
6164,255,61,0,316
6165,255,52,0,307
6166,255,34,0,289
6167,215,0,0,215
6168,255,3,0,258
6169,255,14,0,269
6170,255,18,0,273
6171,255,6,0,261
6172,237,0,0,237
6173,231,0,0,231
6174,255,1,0,256
6175,255,2,0,257
6176,253,0,0,253
6177,255,12,0,267
6178,244,0,0,244
6179,255,40,0,295
6180,235,0,0,235
6181,255,9,0,264
6182,218,0,0,218
6183,231,0,0,231
6184,255,8,0,263
6185,255,19,0,274
6186,255,20,0,275
6187,255,21,0,276
6188,255,9,0,264
6189,255,21,0,276
6190,255,13,0,268
6191,255,37,0,292
6192,230,0,0,230
6193,210,0,0,210
6194,217,0,0,217
6195,251,0,0,251
6196,242,0,0,242
6197,224,0,0,224
6198,255,8,0,263
6199,255,16,0,271
6200,255,81,0,336
6201,255,12,0,267
6202,247,0,0,247
6203,234,0,0,234
6204,255,2,0,257
6205,255,0,0,255
6206,255,54,0,309
6207,235,0,0,235
6208,248,0,0,248
6209,235,0,0,235
6210,255,57,0,312
6211,255,57,0,312
6212,255,21,0,276
6213,255,21,0,276
6214,255,33,0,288
6215,255,12,0,267
6216,255,0,0,255
6217,255,3,0,258
6218,242,0,0,242
6219,255,12,0,267
6220,255,32,0,287
6221,255,19,0,274
6222,255,28,0,283
6223,255,39,0,294
6224,255,39,0,294
6225,255,82,0,337
6226,255,40,0,295
6227,255,28,0,283
6228,255,19,0,274
6229,206,0,0,206
6230,255,14,0,269
6231,255,43,0,298
6232,255,28,0,283
6233,255,11,0,266
6234,255,37,0,292
6235,255,29,0,284
6236,255,12,0,267
6237,215,0,0,215
6238,239,0,0,239
6239,234,0,0,234
6240,242,0,0,242
6241,255,5,0,260
6242,255,19,0,274
6243,255,6,0,261
6244,255,24,0,279
6245,255,48,0,303
6246,255,21,0,276
6247,223,0,0,223
6248,255,38,0,293
6249,255,53,0,308
6250,255,35,0,290
6251,255,56,0,311
6252,237,0,0,237
6253,246,0,0,246
6254,255,52,0,307
6255,255,31,0,286
6256,255,33,0,288
6257,255,9,0,264
6258,255,46,0,301
6259,254,0,0,254
6260,255,0,0,255
6261,255,36,0,291
6262,255,133,0,388
6263,255,10,0,265
6264,255,43,0,298
6265,255,28,0,283
6266,255,53,0,308
6267,252,0,0,252
6268,255,5,0,260
6269,255,21,0,276
6270,255,19,0,274
6271,234,0,0,234
6272,255,36,0,291
6273,255,4,0,259
6274,255,8,0,263
6275,255,60,0,315
6276,255,36,0,291
6277,255,36,0,291
6278,237,0,0,237
6279,255,42,0,297
6280,255,56,0,311
6281,252,0,0,252
6282,255,9,0,264
6283,255,30,0,285
6284,255,20,0,275
6285,255,27,0,282
6286,232,0,0,232
6287,255,12,0,267
6288,255,77,0,332
6289,255,43,0,298
6290,255,35,0,290
6291,244,0,0,244
6292,255,14,0,269
6293,255,12,0,267
6294,255,9,0,264
6295,255,14,0,269
6296,224,0,0,224
6297,185,0,0,185
6298,230,0,0,230
6299,248,0,0,248
6300,255,50,0,305
6301,250,0,0,250
6302,255,2,0,257
6303,204,0,0,204
6304,230,0,0,230
6305,255,4,0,259
6306,218,0,0,218
6307,218,0,0,218
6308,240,0,0,240
6309,235,0,0,235
6310,255,53,0,308
6311,255,24,0,279
6312,255,31,0,286
6313,255,22,0,277
6314,255,2,0,257
6315,255,12,0,267
6316,255,63,0,318
6317,255,10,0,265
6318,255,26,0,281
6319,255,12,0,267
6320,239,0,0,239
6321,255,101,0,356
6322,254,0,0,254
6323,255,16,0,271
6324,255,16,0,271
6325,255,59,0,314
6326,255,28,0,283
6327,254,0,0,254
6328,191,0,0,191
6329,255,17,0,272
6330,251,0,0,251
6331,255,19,0,274
6332,253,0,0,253
6333,255,23,0,278
6334,255,2,0,257
6335,249,0,0,249
6336,255,48,0,303
6337,255,9,0,264
6338,231,0,0,231
6339,255,11,0,266
6340,255,16,0,271
6341,255,30,0,285
6342,245,0,0,245
6343,221,0,0,221
6344,243,0,0,243
6345,255,18,0,273
6346,208,0,0,208
6347,254,0,0,254
6348,240,0,0,240
6349,248,0,0,248
6350,255,23,0,278
6351,255,24,0,279
6352,255,2,0,257
6353,255,64,0,319
6354,255,2,0,257
6355,255,37,0,292
6356,239,0,0,239
6357,255,105,0,360
6358,245,0,0,245
6359,224,0,0,224
6360,245,0,0,245
6361,255,20,0,275
6362,255,21,0,276
6363,255,127,0,382
6364,255,52,0,307
6365,255,17,0,272
6366,255,51,0,306
6367,255,36,0,291
6368,255,42,0,297
6369,255,61,0,316
6370,235,0,0,235
6371,243,0,0,243
6372,255,49,0,304
6373,250,0,0,250
6374,255,6,0,261
6375,251,0,0,251
6376,202,0,0,202
6377,255,15,0,270
6378,255,1,0,256
6379,242,0,0,242
6380,240,0,0,240
6381,255,2,0,257
6382,223,0,0,223
6383,255,3,0,258
6384,202,0,0,202
6385,228,0,0,228
6386,255,21,0,276
6387,255,12,0,267
6388,250,0,0,250
6389,255,27,0,282
6390,223,0,0,223
6391,228,0,0,228
6392,255,12,0,267
6393,243,0,0,243
6394,210,0,0,210
6395,235,0,0,235
6396,226,0,0,226
6397,255,32,0,287
6398,255,16,0,271
6399,255,54,0,309
6400,255,36,0,291
6401,255,6,0,261
6402,255,1,0,256
6403,221,0,0,221
6404,255,29,0,284
6405,255,129,0,384
6406,255,28,0,283
6407,255,50,0,305
6408,208,0,0,208
6409,251,0,0,251
6410,255,22,0,277
6411,255,65,0,320
6412,255,51,0,306
6413,255,29,0,284
6414,238,0,0,238
6415,255,21,0,276
6416,252,0,0,252
6417,239,0,0,239
6418,255,10,0,265
6419,255,18,0,273
6420,255,49,0,304
6421,255,42,0,297
6422,255,24,0,279
6423,250,0,0,250
6424,255,42,0,297
6425,255,55,0,310
6426,249,0,0,249
6427,255,16,0,271
6428,255,45,0,300
6429,238,0,0,238
6430,237,0,0,237
6431,255,36,0,291
6432,255,10,0,265
6433,255,12,0,267
6434,218,0,0,218
6435,244,0,0,244
6436,250,0,0,250
6437,243,0,0,243
6438,206,0,0,206
6439,200,0,0,200
6440,217,0,0,217
6441,255,43,0,298
6442,255,6,0,261
6443,255,4,0,259
6444,255,12,0,267
6445,255,12,0,267
6446,255,40,0,295
6447,234,0,0,234
6448,235,0,0,235
6449,255,66,0,321
6450,253,0,0,253
6451,253,0,0,253
6452,255,24,0,279
6453,255,91,0,346
6454,255,21,0,276
6455,255,57,0,312
6456,255,38,0,293
6457,255,2,0,257
6458,234,0,0,234
6459,253,0,0,253
6460,255,18,0,273
6461,255,61,0,316
6462,255,42,0,297
6463,255,39,0,294
6464,255,152,0,407
6465,255,73,0,328
6466,255,46,0,301
6467,247,0,0,247
6468,255,30,0,285
6469,255,44,0,299
6470,255,19,0,274
6471,249,0,0,249
6472,247,0,0,247
6473,245,0,0,245
6474,255,21,0,276
6475,255,1,0,256
6476,255,44,0,299
6477,255,8,0,263
6478,246,0,0,246
6479,251,0,0,251
6480,255,25,0,280
6481,255,43,0,298
6482,255,21,0,276
6483,255,8,0,263
6484,255,17,0,272
6485,255,36,0,291
6486,255,64,0,319
6487,250,0,0,250
6488,255,51,0,306
6489,255,12,0,267
6490,228,0,0,228
6491,238,0,0,238
6492,195,0,0,195
6493,255,7,0,262
6494,255,4,0,259
6495,213,0,0,213
6496,185,0,0,185
6497,255,120,0,375
6498,231,0,0,231
6499,249,0,0,249
6500,255,57,0,312
6501,239,0,0,239
6502,255,45,0,300
6503,239,0,0,239
6504,255,14,0,269
6505,242,0,0,242
6506,238,0,0,238
6507,255,11,0,266
6508,232,0,0,232
6509,255,6,0,261
6510,255,2,0,257
6511,255,52,0,307
6512,255,40,0,295
6513,255,32,0,287
6514,255,19,0,274
6515,255,9,0,264
6516,255,19,0,274
6517,255,18,0,273
6518,255,22,0,277
6519,255,46,0,301
6520,255,8,0,263
6521,255,31,0,286
6522,252,0,0,252
6523,255,32,0,287
6524,255,12,0,267
6525,255,70,0,325
6526,235,0,0,235
6527,245,0,0,245
6528,224,0,0,224
6529,227,0,0,227
6530,255,38,0,293
6531,255,15,0,270
6532,255,38,0,293
6533,255,28,0,283
6534,255,19,0,274
6535,255,46,0,301
6536,236,0,0,236
6537,255,38,0,293
6538,202,0,0,202
6539,230,0,0,230
6540,255,91,0,346
6541,255,68,0,323
6542,255,78,0,333
6543,255,112,0,367
6544,255,72,0,327
6545,255,51,0,306
6546,255,40,0,295
6547,255,38,0,293
6548,255,55,0,310
6549,255,3,0,258
6550,250,0,0,250
6551,242,0,0,242
6552,242,0,0,242
6553,255,36,0,291
6554,255,60,0,315
6555,255,14,0,269
6556,255,58,0,313
6557,255,25,0,280
6558,254,0,0,254
6559,255,59,0,314
6560,224,0,0,224
6561,249,0,0,249
6562,239,0,0,239
6563,255,10,0,265
6564,251,0,0,251
6565,255,137,0,392
6566,255,57,0,312
6567,255,32,0,287
6568,255,6,0,261
6569,255,39,0,294
6570,255,53,0,308
6571,240,0,0,240
6572,240,0,0,240
6573,208,0,0,208
6574,255,35,0,290
6575,255,31,0,286
6576,234,0,0,234
6577,255,17,0,272
6578,255,18,0,273
6579,255,11,0,266
6580,248,0,0,248
6581,250,0,0,250
6582,255,19,0,274
6583,255,9,0,264
6584,255,7,0,262
6585,246,0,0,246
6586,255,17,0,272
6587,255,8,0,263
6588,240,0,0,240
6589,255,13,0,268
6590,255,26,0,281
6591,245,0,0,245
6592,255,65,0,320
6593,255,9,0,264
6594,212,0,0,212
6595,245,0,0,245
6596,246,0,0,246
6597,252,0,0,252
6598,255,15,0,270
6599,255,9,0,264
6600,255,35,0,290
6601,255,40,0,295
6602,255,33,0,288
6603,255,1,0,256
6604,255,10,0,265
6605,255,12,0,267
6606,255,14,0,269
6607,244,0,0,244
6608,255,46,0,301
6609,255,115,0,370
6610,255,48,0,303
6611,255,58,0,313
6612,255,14,0,269
6613,255,12,0,267
6614,243,0,0,243
6615,253,0,0,253
6616,255,8,0,263
6617,254,0,0,254
6618,255,11,0,266
6619,242,0,0,242
6620,240,0,0,240
6621,255,5,0,260
6622,255,52,0,307
6623,255,35,0,290
6624,255,35,0,290
6625,255,14,0,269
6626,255,47,0,302
6627,255,4,0,259
6628,253,0,0,253
6629,193,0,0,193
6630,255,9,0,264
6631,255,6,0,261
6632,255,12,0,267
6633,255,60,0,315
6634,245,0,0,245
6635,255,0,0,255
6636,255,76,0,331
6637,227,0,0,227
6638,255,48,0,303
6639,255,26,0,281
6640,250,0,0,250
6641,252,0,0,252
6642,255,21,0,276
6643,240,0,0,240
6644,255,75,0,330
6645,255,23,0,278
6646,253,0,0,253
6647,255,30,0,285
6648,255,12,0,267
6649,255,14,0,269
6650,230,0,0,230
6651,253,0,0,253
6652,237,0,0,237
6653,255,66,0,321
6654,255,48,0,303
6655,255,73,0,328
6656,255,58,0,313
6657,255,2,0,257
6658,255,47,0,302
6659,252,0,0,252
6660,255,74,0,329
6661,255,77,0,332
6662,255,52,0,307
6663,255,53,0,308
6664,255,59,0,314
6665,255,68,0,323
6666,255,255,59,569
6667,255,96,0,351
6668,255,53,0,308
6669,255,153,0,408
6670,255,19,0,274
6671,255,46,0,301
6672,255,9,0,264
6673,255,38,0,293
6674,255,16,0,271
6675,255,41,0,296
6676,255,56,0,311
6677,255,91,0,346
6678,255,44,0,299
6679,255,36,0,291
6680,255,41,0,296
6681,255,28,0,283
6682,255,42,0,297
6683,228,0,0,228
6684,255,12,0,267
6685,255,67,0,322
6686,255,44,0,299
6687,255,53,0,308
6688,255,92,0,347
6689,255,28,0,283
6690,255,23,0,278
6691,255,1,0,256
6692,255,6,0,261
6693,255,2,0,257
6694,255,55,0,310
6695,217,0,0,217
6696,255,37,0,292
6697,255,58,0,313
6698,255,21,0,276
6699,255,119,0,374
6700,255,27,0,282
6701,246,0,0,246
6702,236,0,0,236
6703,242,0,0,242
6704,227,0,0,227
6705,255,28,0,283
6706,204,0,0,204
6707,255,33,0,288
6708,242,0,0,242
6709,235,0,0,235
6710,255,25,0,280
6711,255,40,0,295
6712,255,66,0,321
6713,255,60,0,315
6714,255,20,0,275
6715,244,0,0,244
6716,243,0,0,243
6717,244,0,0,244
6718,255,1,0,256
6719,255,14,0,269
6720,215,0,0,215
6721,255,23,0,278
6722,251,0,0,251
6723,230,0,0,230
6724,195,0,0,195
6725,255,14,0,269
6726,188,0,0,188
6727,212,0,0,212
6728,249,0,0,249
6729,224,0,0,224
6730,255,42,0,297
6731,255,14,0,269
6732,200,0,0,200
6733,255,2,0,257
6734,221,0,0,221
6735,208,0,0,208
6736,206,0,0,206
6737,232,0,0,232
6738,217,0,0,217
6739,246,0,0,246
6740,255,28,0,283
6741,252,0,0,252
6742,254,0,0,254
6743,255,5,0,260
6744,232,0,0,232
6745,246,0,0,246
6746,235,0,0,235
6747,255,41,0,296
6748,213,0,0,213
6749,228,0,0,228
6750,255,5,0,260
6751,244,0,0,244
6752,255,28,0,283
6753,246,0,0,246
6754,255,6,0,261
6755,255,31,0,286
6756,255,44,0,299
6757,243,0,0,243
6758,255,29,0,284
6759,250,0,0,250
6760,227,0,0,227
6761,255,94,0,349
6762,255,19,0,274
6763,200,0,0,200
6764,231,0,0,231
6765,255,30,0,285
6766,255,7,0,262
6767,255,141,0,396
6768,255,52,0,307
6769,255,65,0,320
6770,255,17,0,272
6771,255,18,0,273
6772,255,23,0,278
6773,255,10,0,265
6774,255,15,0,270
6775,255,49,0,304
6776,255,64,0,319
6777,255,30,0,285
6778,255,64,0,319
6779,255,1,0,256
6780,244,0,0,244
6781,255,21,0,276
6782,255,37,0,292
6783,255,76,0,331
6784,255,41,0,296
6785,255,69,0,324
6786,255,72,0,327
6787,255,30,0,285
6788,255,35,0,290
6789,255,189,0,444
6790,255,2,0,257
6791,255,25,0,280
6792,213,0,0,213
6793,138,0,0,138
6794,252,0,0,252
6795,255,48,0,303
6796,240,0,0,240
6797,255,69,0,324
6798,244,0,0,244
6799,231,0,0,231
6800,255,20,0,275
6801,255,55,0,310
6802,249,0,0,249
6803,180,0,0,180
6804,217,0,0,217
6805,195,0,0,195
6806,166,0,0,166
6807,204,0,0,204
6808,255,5,0,260
6809,255,5,0,260
6810,255,36,0,291
6811,255,11,0,266
6812,255,10,0,265
6813,227,0,0,227
6814,255,9,0,264
6815,255,6,0,261
6816,224,0,0,224
6817,200,0,0,200
6818,213,0,0,213
6819,255,40,0,295
6820,255,12,0,267
6821,239,0,0,239
6822,255,85,0,340
6823,213,0,0,213
6824,255,21,0,276
6825,255,20,0,275
6826,215,0,0,215
6827,154,0,0,154
6828,255,2,0,257
6829,191,0,0,191
6830,240,0,0,240
6831,221,0,0,221
6832,255,3,0,258
6833,255,20,0,275
6834,236,0,0,236
6835,125,0,0,125
6836,230,0,0,230
6837,255,25,0,280
6838,235,0,0,235
6839,255,5,0,260
6840,255,2,0,257
6841,235,0,0,235
6842,255,64,0,319
6843,200,0,0,200
6844,255,46,0,301
6845,255,30,0,285
6846,224,0,0,224
6847,255,0,0,255
6848,255,4,0,259
6849,255,14,0,269
6850,224,0,0,224
6851,232,0,0,232
6852,255,21,0,276
6853,200,0,0,200
6854,230,0,0,230
6855,255,6,0,261
6856,217,0,0,217
6857,224,0,0,224
6858,255,10,0,265
6859,255,15,0,270
6860,236,0,0,236
6861,234,0,0,234
6862,215,0,0,215
6863,198,0,0,198
6864,234,0,0,234
6865,236,0,0,236
6866,255,39,0,294
6867,255,24,0,279
6868,255,125,0,380
6869,255,75,0,330
6870,255,19,0,274
6871,255,44,0,299
6872,255,12,0,267
6873,235,0,0,235
6874,255,70,0,325
6875,255,5,0,260
6876,255,27,0,282
6877,255,28,0,283
6878,255,38,0,293
6879,255,22,0,277
6880,250,0,0,250
6881,255,12,0,267
6882,255,21,0,276
6883,244,0,0,244
6884,255,17,0,272
6885,255,19,0,274
6886,255,63,0,318
6887,255,12,0,267
6888,255,33,0,288
6889,255,18,0,273
6890,255,51,0,306
6891,255,28,0,283
6892,249,0,0,249
6893,224,0,0,224
6894,255,6,0,261
6895,255,68,0,323
6896,231,0,0,231
6897,251,0,0,251
6898,255,22,0,277
6899,255,0,0,255
6900,255,78,0,333
6901,255,24,0,279
6902,239,0,0,239
6903,253,0,0,253
6904,227,0,0,227
6905,218,0,0,218
6906,195,0,0,195
6907,255,22,0,277
6908,250,0,0,250
6909,255,30,0,285
6910,255,14,0,269
6911,255,53,0,308
6912,255,57,0,312
6913,255,35,0,290
6914,255,42,0,297
6915,255,22,0,277
6916,242,0,0,242
6917,255,0,0,255
6918,255,33,0,288
6919,231,0,0,231
6920,255,48,0,303
6921,255,6,0,261
6922,255,12,0,267
6923,255,18,0,273
6924,235,0,0,235
6925,255,13,0,268
6926,255,2,0,257
6927,220,0,0,220
6928,255,7,0,262
6929,218,0,0,218
6930,255,2,0,257
6931,238,0,0,238
6932,255,8,0,263
6933,255,6,0,261
6934,255,3,0,258
6935,217,0,0,217
6936,249,0,0,249
6937,217,0,0,217
6938,245,0,0,245
6939,226,0,0,226
6940,228,0,0,228
6941,254,0,0,254
6942,255,109,0,364
6943,239,0,0,239
6944,255,2,0,257
6945,245,0,0,245
6946,255,38,0,293
6947,230,0,0,230
6948,255,1,0,256
6949,221,0,0,221
6950,248,0,0,248
6951,255,6,0,261
6952,239,0,0,239
6953,237,0,0,237
6954,255,55,0,310
6955,255,39,0,294
6956,242,0,0,242
6957,240,0,0,240
6958,255,19,0,274
6959,255,14,0,269
6960,255,3,0,258
6961,249,0,0,249
6962,255,0,0,255
6963,255,63,0,318
6964,227,0,0,227
6965,255,18,0,273
6966,255,34,0,289
6967,255,26,0,281
6968,255,54,0,309
6969,255,255,75,585
6970,255,56,0,311
6971,255,48,0,303
6972,255,50,0,305
6973,255,2,0,257
6974,255,30,0,285
6975,250,0,0,250
6976,255,40,0,295
6977,255,94,0,349
6978,255,66,0,321
6979,255,21,0,276
6980,255,31,0,286
6981,255,32,0,287
6982,250,0,0,250
6983,255,6,0,261
6984,255,46,0,301
6985,255,25,0,280
6986,237,0,0,237
6987,255,69,0,324
6988,255,88,0,343
6989,255,58,0,313
6990,255,4,0,259
6991,255,20,0,275
6992,255,10,0,265
6993,235,0,0,235
6994,180,0,0,180
6995,255,0,0,255
6996,255,156,0,411
6997,255,16,0,271
6998,255,6,0,261
6999,255,48,0,303
7000,255,126,0,381
7001,255,88,0,343
7002,255,67,0,322
7003,255,35,0,290
7004,255,68,0,323
7005,255,39,0,294
7006,255,18,0,273
7007,255,127,0,382
7008,255,12,0,267
7009,240,0,0,240
7010,255,44,0,299
7011,255,84,0,339
7012,255,32,0,287
7013,255,22,0,277
7014,255,6,0,261
7015,255,18,0,273
7016,250,0,0,250
7017,255,44,0,299
7018,255,53,0,308
7019,242,0,0,242
7020,255,34,0,289
7021,255,54,0,309
7022,255,56,0,311
7023,255,68,0,323
7024,255,31,0,286
7025,255,19,0,274
7026,227,0,0,227
7027,255,16,0,271
7028,254,0,0,254
7029,255,6,0,261
7030,255,5,0,260
7031,254,0,0,254
7032,224,0,0,224
7033,255,35,0,290
7034,255,2,0,257
7035,243,0,0,243
7036,177,0,0,177
7037,213,0,0,213
7038,218,0,0,218
7039,249,0,0,249
7040,243,0,0,243
7041,206,0,0,206
7042,255,29,0,284
7043,217,0,0,217
7044,252,0,0,252
7045,255,19,0,274
7046,218,0,0,218
7047,255,19,0,274
7048,246,0,0,246
7049,224,0,0,224
7050,255,46,0,301
7051,255,29,0,284
7052,202,0,0,202
7053,239,0,0,239
7054,227,0,0,227
7055,255,0,0,255
7056,198,0,0,198
7057,255,22,0,277
7058,255,11,0,266
7059,208,0,0,208
7060,245,0,0,245
7061,195,0,0,195
7062,253,0,0,253
7063,158,0,0,158
7064,215,0,0,215
7065,170,0,0,170
7066,237,0,0,237
7067,255,12,0,267
7068,255,47,0,302
7069,255,5,0,260
7070,255,155,0,410
7071,255,34,0,289
7072,255,15,0,270
7073,255,6,0,261
7074,254,0,0,254
7075,255,8,0,263
7076,250,0,0,250
7077,255,85,0,340
7078,255,6,0,261
7079,249,0,0,249
7080,255,51,0,306
7081,243,0,0,243
7082,255,20,0,275
7083,238,0,0,238
7084,221,0,0,221
7085,232,0,0,232
7086,255,10,0,265
7087,247,0,0,247
7088,255,14,0,269
7089,255,44,0,299
7090,255,50,0,305
7091,188,0,0,188
7092,254,0,0,254
7093,255,45,0,300
7094,195,0,0,195
7095,255,61,0,316
7096,255,6,0,261
7097,221,0,0,221
7098,255,6,0,261
7099,239,0,0,239
7100,255,79,0,334
7101,255,62,0,317
7102,255,74,0,329
7103,255,90,0,345
7104,255,33,0,288
7105,246,0,0,246
7106,242,0,0,242
7107,255,0,0,255
7108,237,0,0,237
7109,255,21,0,276
7110,255,65,0,320
7111,255,73,0,328
7112,255,49,0,304
7113,255,29,0,284
7114,255,43,0,298
7115,255,21,0,276
7116,255,48,0,303
7117,255,98,0,353
7118,255,15,0,270
7119,255,10,0,265
7120,255,36,0,291
7121,255,28,0,283
7122,255,12,0,267
7123,255,98,0,353
7124,244,0,0,244
7125,255,11,0,266
7126,255,4,0,259
7127,255,24,0,279
7128,255,24,0,279
7129,255,29,0,284
7130,255,38,0,293
7131,255,26,0,281
7132,255,20,0,275
7133,255,15,0,270
7134,250,0,0,250
7135,255,2,0,257
7136,228,0,0,228
7137,255,52,0,307
7138,255,25,0,280
7139,255,31,0,286
7140,255,41,0,296
7141,223,0,0,223
7142,255,52,0,307
7143,255,2,0,257
7144,255,27,0,282
7145,255,19,0,274
7146,255,2,0,257
7147,255,30,0,285
7148,220,0,0,220
7149,200,0,0,200
7150,255,70,0,325
7151,255,58,0,313
7152,255,41,0,296
7153,246,0,0,246
7154,255,12,0,267
7155,255,29,0,284
7156,255,2,0,257
7157,255,29,0,284
7158,255,12,0,267
7159,255,6,0,261
7160,255,0,0,255
7161,255,8,0,263
7162,255,48,0,303
7163,255,12,0,267
7164,255,19,0,274
7165,239,0,0,239
7166,255,6,0,261
7167,227,0,0,227
7168,250,0,0,250
7169,223,0,0,223
7170,255,8,0,263
7171,255,118,0,373
7172,255,62,0,317
7173,255,39,0,294
7174,255,29,0,284
7175,255,32,0,287
7176,255,28,0,283
7177,255,57,0,312
7178,255,17,0,272
7179,255,96,0,351
7180,254,0,0,254
7181,252,0,0,252
7182,240,0,0,240
7183,255,29,0,284
7184,248,0,0,248
7185,255,38,0,293
7186,235,0,0,235
7187,232,0,0,232
7188,255,58,0,313
7189,255,50,0,305
7190,255,45,0,300
7191,249,0,0,249
7192,228,0,0,228
7193,251,0,0,251
7194,208,0,0,208
7195,255,3,0,258
7196,208,0,0,208
7197,255,9,0,264
7198,255,73,0,328
7199,255,13,0,268
7200,255,84,0,339
7201,255,37,0,292
7202,255,82,0,337
7203,240,0,0,240
7204,255,4,0,259
7205,255,22,0,277
7206,255,9,0,264
7207,255,24,0,279
7208,255,15,0,270
7209,235,0,0,235
7210,255,77,0,332
7211,255,62,0,317
7212,255,18,0,273
7213,255,16,0,271
7214,255,45,0,300
7215,249,0,0,249
7216,249,0,0,249
7217,255,7,0,262
7218,231,0,0,231
7219,255,25,0,280
7220,255,18,0,273
7221,255,41,0,296
7222,255,12,0,267
7223,255,3,0,258
7224,255,2,0,257
7225,255,4,0,259
7226,255,22,0,277
7227,255,78,0,333
7228,255,16,0,271
7229,255,4,0,259
7230,254,0,0,254
7231,255,9,0,264
7232,255,19,0,274
7233,255,4,0,259
7234,255,18,0,273
7235,255,48,0,303
7236,239,0,0,239
7237,255,12,0,267
7238,235,0,0,235
7239,255,21,0,276
7240,255,12,0,267
7241,240,0,0,240
7242,240,0,0,240
7243,250,0,0,250
7244,255,23,0,278
7245,255,66,0,321
7246,246,0,0,246
7247,255,2,0,257
7248,255,14,0,269
7249,244,0,0,244
7250,255,50,0,305
7251,255,0,0,255
7252,255,46,0,301
7253,255,3,0,258
7254,255,3,0,258
7255,243,0,0,243
7256,255,78,0,333
7257,255,18,0,273
7258,255,9,0,264
7259,255,12,0,267
7260,255,61,0,316
7261,247,0,0,247
7262,255,28,0,283
7263,255,22,0,277
7264,255,2,0,257
7265,255,32,0,287
7266,255,35,0,290
7267,251,0,0,251
7268,255,4,0,259
7269,255,20,0,275
7270,255,2,0,257
7271,255,15,0,270
7272,255,156,0,411
7273,255,42,0,297
7274,255,47,0,302
7275,255,24,0,279
7276,255,30,0,285
7277,255,80,0,335
7278,255,9,0,264
7279,255,16,0,271
7280,255,19,0,274
7281,255,1,0,256
7282,255,19,0,274
7283,255,43,0,298
7284,247,0,0,247
7285,255,45,0,300
7286,236,0,0,236
7287,255,18,0,273
7288,255,30,0,285
7289,255,11,0,266
7290,255,18,0,273
7291,250,0,0,250
7292,255,6,0,261
7293,232,0,0,232
7294,249,0,0,249
7295,242,0,0,242
7296,255,16,0,271
7297,251,0,0,251
7298,255,25,0,280
7299,254,0,0,254
7300,255,44,0,299
7301,255,86,0,341
7302,255,37,0,292
7303,255,26,0,281
7304,255,82,0,337
7305,255,30,0,285
7306,255,59,0,314
7307,253,0,0,253
7308,255,3,0,258
7309,255,3,0,258
7310,255,46,0,301
7311,255,39,0,294
7312,255,30,0,285
7313,255,51,0,306
7314,240,0,0,240
7315,255,1,0,256
7316,246,0,0,246
7317,255,1,0,256
7318,255,29,0,284
7319,255,26,0,281
7320,255,2,0,257
7321,255,61,0,316
7322,252,0,0,252
7323,255,1,0,256
7324,238,0,0,238
7325,255,15,0,270
7326,255,60,0,315
7327,255,25,0,280
7328,255,9,0,264
7329,255,31,0,286
7330,232,0,0,232
7331,255,2,0,257
7332,255,53,0,308
7333,255,41,0,296
7334,255,16,0,271
7335,255,18,0,273
7336,228,0,0,228
7337,255,60,0,315
7338,237,0,0,237
7339,195,0,0,195
7340,215,0,0,215
7341,248,0,0,248
7342,255,11,0,266
7343,243,0,0,243
7344,236,0,0,236
7345,224,0,0,224
7346,210,0,0,210
7347,251,0,0,251
7348,226,0,0,226
7349,177,0,0,177
7350,206,0,0,206
7351,255,13,0,268
7352,250,0,0,250
7353,254,0,0,254
7354,228,0,0,228
7355,255,28,0,283
7356,249,0,0,249
7357,255,4,0,259
7358,210,0,0,210
7359,255,2,0,257
7360,210,0,0,210
7361,255,5,0,260
7362,215,0,0,215
7363,237,0,0,237
7364,255,22,0,277
7365,227,0,0,227
7366,245,0,0,245
7367,255,34,0,289
7368,248,0,0,248
7369,243,0,0,243
7370,213,0,0,213
7371,255,5,0,260
7372,255,2,0,257
7373,255,117,0,372
7374,255,53,0,308
7375,255,28,0,283
7376,255,36,0,291
7377,255,55,0,310
7378,255,38,0,293
7379,255,11,0,266
7380,255,0,0,255
7381,250,0,0,250
7382,255,14,0,269
7383,255,35,0,290
7384,238,0,0,238
7385,237,0,0,237
7386,230,0,0,230
7387,255,41,0,296
7388,255,40,0,295
7389,255,22,0,277
7390,255,12,0,267
7391,255,48,0,303
7392,240,0,0,240
7393,255,26,0,281
7394,154,0,0,154
7395,238,0,0,238
7396,210,0,0,210
7397,234,0,0,234
7398,243,0,0,243
7399,255,97,0,352
7400,255,46,0,301
7401,255,41,0,296
7402,255,6,0,261
7403,255,40,0,295
7404,255,24,0,279
7405,238,0,0,238
7406,255,33,0,288
7407,255,8,0,263
7408,255,7,0,262
7409,255,42,0,297
7410,255,244,0,499
7411,255,103,0,358
7412,255,124,0,379
7413,255,32,0,287
7414,255,84,0,339
7415,255,53,0,308
7416,255,14,0,269
7417,255,44,0,299
7418,255,58,0,313
7419,255,19,0,274
7420,255,14,0,269
7421,255,57,0,312
7422,255,18,0,273
7423,255,18,0,273
7424,255,22,0,277
7425,255,29,0,284
7426,255,6,0,261
7427,255,36,0,291
7428,248,0,0,248
7429,251,0,0,251
7430,246,0,0,246
7431,251,0,0,251
7432,255,1,0,256
7433,255,22,0,277
7434,218,0,0,218
7435,220,0,0,220
7436,180,0,0,180
7437,236,0,0,236
7438,221,0,0,221
7439,210,0,0,210
7440,255,17,0,272
7441,255,18,0,273
7442,244,0,0,244
7443,224,0,0,224
7444,255,31,0,286
7445,255,29,0,284
7446,255,15,0,270
7447,255,63,0,318
7448,255,71,0,326
7449,255,33,0,288
7450,218,0,0,218
7451,243,0,0,243
7452,255,16,0,271
7453,231,0,0,231
7454,255,38,0,293
7455,255,19,0,274
7456,255,69,0,324
7457,255,14,0,269
7458,255,95,0,350
7459,254,0,0,254
7460,220,0,0,220
7461,198,0,0,198
7462,228,0,0,228
7463,247,0,0,247
7464,255,2,0,257
7465,255,29,0,284
7466,255,54,0,309
7467,255,25,0,280
7468,255,14,0,269
7469,255,20,0,275
7470,255,30,0,285
7471,255,36,0,291
7472,255,24,0,279
7473,255,38,0,293
7474,255,156,0,411
7475,255,66,0,321
7476,255,45,0,300
7477,255,97,0,352
7478,255,54,0,309
7479,255,37,0,292
7480,255,31,0,286
7481,255,13,0,268
7482,255,16,0,271
7483,236,0,0,236
7484,255,18,0,273
7485,255,17,0,272
7486,255,65,0,320
7487,243,0,0,243
7488,255,29,0,284
7489,250,0,0,250
7490,238,0,0,238
7491,255,75,0,330
7492,255,8,0,263
7493,213,0,0,213
7494,236,0,0,236
7495,218,0,0,218
7496,248,0,0,248
7497,255,33,0,288
7498,239,0,0,239
7499,242,0,0,242
7500,255,62,0,317
7501,255,34,0,289
7502,255,22,0,277
7503,255,8,0,263
7504,255,29,0,284
7505,255,18,0,273
7506,247,0,0,247
7507,255,2,0,257
7508,255,19,0,274
7509,255,36,0,291
7510,255,46,0,301
7511,255,67,0,322
7512,255,57,0,312
7513,255,7,0,262
7514,255,1,0,256
7515,255,24,0,279
7516,243,0,0,243
7517,255,28,0,283
7518,255,16,0,271
7519,230,0,0,230
7520,236,0,0,236
7521,255,20,0,275
7522,242,0,0,242
7523,255,12,0,267
7524,255,19,0,274
7525,255,34,0,289
7526,242,0,0,242
7527,237,0,0,237
7528,255,12,0,267
7529,255,14,0,269
7530,255,46,0,301
7531,255,113,0,368
7532,255,56,0,311
7533,255,50,0,305
7534,245,0,0,245
7535,255,49,0,304
7536,255,17,0,272
7537,253,0,0,253
7538,227,0,0,227
7539,255,22,0,277
7540,255,16,0,271
7541,255,16,0,271
7542,249,0,0,249
7543,255,30,0,285
7544,243,0,0,243
7545,255,21,0,276
7546,255,19,0,274
7547,249,0,0,249
7548,255,15,0,270
7549,217,0,0,217
7550,249,0,0,249
7551,255,46,0,301
7552,221,0,0,221
7553,255,5,0,260
7554,220,0,0,220
7555,255,13,0,268
7556,230,0,0,230
7557,255,74,0,329
7558,255,20,0,275
7559,255,31,0,286
7560,254,0,0,254
7561,255,12,0,267
7562,231,0,0,231
7563,255,2,0,257
7564,255,9,0,264
7565,255,22,0,277
7566,255,30,0,285
7567,255,5,0,260
7568,255,1,0,256
7569,255,13,0,268
7570,247,0,0,247
7571,254,0,0,254
7572,238,0,0,238
7573,255,19,0,274
7574,255,31,0,286
7575,255,144,0,399
7576,255,62,0,317
7577,255,71,0,326
7578,255,28,0,283
7579,255,61,0,316
7580,255,51,0,306
7581,252,0,0,252
7582,255,2,0,257
7583,235,0,0,235
7584,255,4,0,259
7585,255,41,0,296
7586,255,17,0,272
7587,255,18,0,273
7588,255,18,0,273
7589,254,0,0,254
7590,255,39,0,294
7591,255,16,0,271
7592,246,0,0,246
7593,221,0,0,221
7594,255,4,0,259
7595,255,28,0,283
7596,255,16,0,271
7597,210,0,0,210
7598,255,36,0,291
7599,226,0,0,226
7600,255,44,0,299
7601,255,25,0,280
7602,255,54,0,309
7603,255,53,0,308
7604,255,59,0,314
7605,255,49,0,304
7606,255,40,0,295
7607,255,42,0,297
7608,255,24,0,279
7609,255,0,0,255
7610,255,80,0,335
7611,255,63,0,318
7612,255,58,0,313
7613,255,25,0,280
7614,255,9,0,264
7615,254,0,0,254
7616,232,0,0,232
7617,247,0,0,247
7618,213,0,0,213
7619,255,28,0,283
7620,230,0,0,230
7621,255,34,0,289
7622,255,33,0,288
7623,255,19,0,274
7624,231,0,0,231
7625,255,41,0,296
7626,244,0,0,244
7627,255,2,0,257
7628,206,0,0,206
7629,217,0,0,217
7630,255,11,0,266
7631,238,0,0,238
7632,230,0,0,230
7633,255,42,0,297
7634,250,0,0,250
7635,202,0,0,202
7636,198,0,0,198
7637,125,0,0,125
7638,183,0,0,183
7639,200,0,0,200
7640,255,33,0,288
7641,235,0,0,235
7642,247,0,0,247
7643,255,85,0,340
7644,255,71,0,326
7645,255,14,0,269
7646,255,22,0,277
7647,232,0,0,232
7648,255,32,0,287
7649,255,7,0,262
7650,255,15,0,270
7651,255,7,0,262
7652,220,0,0,220
7653,255,12,0,267
7654,255,104,0,359
7655,255,35,0,290
7656,255,44,0,299
7657,255,6,0,261
7658,255,18,0,273
7659,255,15,0,270
7660,255,8,0,263
7661,231,0,0,231
7662,231,0,0,231
7663,246,0,0,246
7664,255,47,0,302
7665,255,22,0,277
7666,255,38,0,293
7667,255,73,0,328
7668,228,0,0,228
7669,255,29,0,284
7670,239,0,0,239
7671,242,0,0,242
7672,255,10,0,265
7673,255,52,0,307
7674,243,0,0,243
7675,255,2,0,257
7676,255,127,0,382
7677,255,66,0,321
7678,255,59,0,314
7679,255,29,0,284
7680,255,4,0,259
7681,250,0,0,250
7682,232,0,0,232
7683,212,0,0,212
7684,255,11,0,266
7685,248,0,0,248
7686,252,0,0,252
7687,255,26,0,281
7688,255,7,0,262
7689,255,38,0,293
7690,249,0,0,249
7691,255,24,0,279
7692,249,0,0,249
7693,177,0,0,177
7694,234,0,0,234
7695,218,0,0,218
7696,245,0,0,245
7697,255,3,0,258
7698,202,0,0,202
7699,248,0,0,248
7700,255,79,0,334
7701,255,44,0,299
7702,255,21,0,276
7703,255,31,0,286
7704,255,68,0,323
7705,255,26,0,281
7706,255,7,0,262
7707,255,84,0,339
7708,255,19,0,274
7709,255,42,0,297
7710,255,37,0,292
7711,255,118,0,373
7712,255,85,0,340
7713,255,41,0,296
7714,255,67,0,322
7715,255,22,0,277
7716,255,39,0,294
7717,255,70,0,325
7718,255,75,0,330
7719,255,31,0,286
7720,255,24,0,279
7721,255,52,0,307
7722,255,67,0,322
7723,255,21,0,276
7724,255,40,0,295
7725,255,43,0,298
7726,255,53,0,308
7727,255,51,0,306
7728,255,9,0,264
7729,255,4,0,259
7730,221,0,0,221
7731,255,26,0,281
7732,255,8,0,263
7733,255,68,0,323
7734,255,126,0,381
7735,255,0,0,255
7736,255,24,0,279
7737,255,47,0,302
7738,255,29,0,284
7739,250,0,0,250
7740,218,0,0,218
7741,255,44,0,299
7742,255,30,0,285
7743,250,0,0,250
7744,255,78,0,333
7745,255,35,0,290
7746,252,0,0,252
7747,255,53,0,308
7748,255,12,0,267
7749,255,117,0,372
7750,255,1,0,256
7751,255,38,0,293
7752,255,3,0,258
7753,255,12,0,267
7754,254,0,0,254
7755,255,77,0,332
7756,255,44,0,299
7757,255,63,0,318
7758,255,47,0,302
7759,255,53,0,308
7760,255,9,0,264
7761,255,26,0,281
7762,235,0,0,235
7763,252,0,0,252
7764,254,0,0,254
7765,255,58,0,313
7766,255,75,0,330
7767,255,42,0,297
7768,255,23,0,278
7769,255,79,0,334
7770,255,57,0,312
7771,255,92,0,347
7772,255,32,0,287
7773,255,83,0,338
7774,255,71,0,326
7775,255,52,0,307
7776,255,56,0,311
7777,255,255,98,608
7778,255,100,0,355
7779,255,89,0,344
7780,255,57,0,312
7781,255,19,0,274
7782,255,56,0,311
7783,255,39,0,294
7784,255,18,0,273
7785,255,26,0,281
7786,255,48,0,303
7787,255,106,0,361
7788,255,171,0,426
7789,255,110,0,365
7790,255,10,0,265
7791,255,12,0,267
7792,255,21,0,276
7793,255,6,0,261
7794,255,11,0,266
7795,255,23,0,278
7796,255,33,0,288
7797,255,46,0,301
7798,255,16,0,271
7799,255,107,0,362
7800,255,46,0,301
7801,239,0,0,239
7802,255,39,0,294
7803,255,9,0,264
7804,249,0,0,249
7805,255,35,0,290
7806,255,2,0,257
7807,255,47,0,302
7808,255,21,0,276
7809,255,13,0,268
7810,255,28,0,283
7811,255,47,0,302
7812,255,51,0,306
7813,246,0,0,246
7814,253,0,0,253
7815,255,10,0,265
7816,242,0,0,242
7817,232,0,0,232
7818,255,31,0,286
7819,255,12,0,267
7820,236,0,0,236
7821,255,35,0,290
7822,244,0,0,244
7823,255,22,0,277
7824,255,60,0,315
7825,255,6,0,261
7826,255,4,0,259
7827,255,21,0,276
7828,254,0,0,254
7829,255,67,0,322
7830,198,0,0,198
7831,238,0,0,238
7832,251,0,0,251
7833,255,5,0,260
7834,213,0,0,213
7835,226,0,0,226
7836,234,0,0,234
7837,239,0,0,239
7838,202,0,0,202
7839,255,2,0,257
7840,238,0,0,238
7841,236,0,0,236
7842,254,0,0,254
7843,220,0,0,220
7844,255,10,0,265
7845,255,60,0,315
7846,243,0,0,243
7847,255,11,0,266
7848,255,6,0,261
7849,255,41,0,296
7850,230,0,0,230
7851,255,9,0,264
7852,255,65,0,320
7853,238,0,0,238
7854,255,49,0,304
7855,255,9,0,264
7856,255,103,0,358
7857,255,14,0,269
7858,255,33,0,288
7859,250,0,0,250
7860,255,58,0,313
7861,255,63,0,318
7862,255,36,0,291
7863,255,2,0,257
7864,255,36,0,291
7865,255,82,0,337
7866,255,46,0,301
7867,255,63,0,318
7868,255,14,0,269
7869,255,83,0,338
7870,240,0,0,240
7871,253,0,0,253
7872,232,0,0,232
7873,255,65,0,320
7874,255,36,0,291
7875,254,0,0,254
7876,255,44,0,299
7877,255,66,0,321
7878,255,191,0,446
7879,255,79,0,334
7880,255,53,0,308
7881,255,14,0,269
7882,255,77,0,332
7883,255,29,0,284
7884,255,19,0,274
7885,255,2,0,257
7886,255,7,0,262
7887,255,84,0,339
7888,255,37,0,292
7889,255,87,0,342
7890,255,211,0,466
7891,255,68,0,323
7892,255,56,0,311
7893,255,16,0,271
7894,255,159,0,414
7895,255,112,0,367
7896,255,137,0,392
7897,255,74,0,329
7898,255,70,0,325
7899,255,128,0,383
7900,255,12,0,267
7901,255,44,0,299
7902,255,61,0,316
7903,255,24,0,279
7904,255,72,0,327
7905,255,12,0,267
7906,254,0,0,254
7907,255,31,0,286
7908,255,32,0,287
7909,255,60,0,315
7910,255,35,0,290
7911,255,76,0,331
7912,255,52,0,307
7913,255,143,0,398
7914,255,4,0,259
7915,255,14,0,269
7916,255,9,0,264
7917,243,0,0,243
7918,255,8,0,263
7919,255,17,0,272
7920,255,52,0,307
7921,255,38,0,293
7922,255,12,0,267
7923,255,13,0,268
7924,250,0,0,250
7925,254,0,0,254
7926,255,29,0,284
7927,232,0,0,232
7928,255,22,0,277
7929,255,20,0,275
7930,210,0,0,210
7931,255,66,0,321
7932,244,0,0,244
7933,255,8,0,263
7934,255,4,0,259
7935,227,0,0,227
7936,255,2,0,257
7937,223,0,0,223
7938,195,0,0,195
7939,226,0,0,226
7940,255,1,0,256
7941,249,0,0,249
7942,255,212,0,467
7943,242,0,0,242
7944,224,0,0,224
7945,249,0,0,249
7946,255,53,0,308
7947,221,0,0,221
7948,208,0,0,208
7949,224,0,0,224
7950,248,0,0,248
7951,251,0,0,251
7952,255,39,0,294
7953,245,0,0,245
7954,250,0,0,250
7955,255,0,0,255
7956,255,33,0,288
7957,236,0,0,236
7958,255,71,0,326
7959,255,64,0,319
7960,243,0,0,243
7961,244,0,0,244
7962,198,0,0,198
7963,255,17,0,272
7964,255,32,0,287
7965,255,31,0,286
7966,255,22,0,277
7967,215,0,0,215
7968,240,0,0,240
7969,244,0,0,244
7970,247,0,0,247
7971,255,46,0,301
7972,245,0,0,245
7973,255,8,0,263
7974,254,0,0,254
7975,245,0,0,245
7976,255,22,0,277
7977,255,33,0,288
7978,255,38,0,293
7979,255,186,0,441
7980,255,55,0,310
7981,255,50,0,305
7982,255,57,0,312
7983,255,11,0,266
7984,255,12,0,267
7985,255,16,0,271
7986,249,0,0,249
7987,255,74,0,329
7988,255,85,0,340
7989,255,59,0,314
7990,210,0,0,210
7991,255,37,0,292
7992,234,0,0,234
7993,166,0,0,166
7994,213,0,0,213
7995,255,3,0,258
7996,226,0,0,226
7997,255,85,0,340
7998,255,16,0,271
7999,255,75,0,330
8000,255,113,0,368
8001,255,72,0,327
8002,255,54,0,309
8003,255,27,0,282
8004,255,45,0,300
8005,255,25,0,280
8006,255,16,0,271
8007,255,56,0,311
8008,255,118,0,373
8009,255,14,0,269
8010,255,81,0,336
8011,255,84,0,339
8012,255,46,0,301
8013,255,88,0,343
8014,255,33,0,288
8015,255,19,0,274
8016,255,40,0,295
8017,255,25,0,280
8018,255,72,0,327
8019,255,4,0,259
8020,255,30,0,285
8021,255,104,0,359
8022,255,15,0,270
8023,255,14,0,269
8024,255,22,0,277
8025,255,34,0,289
8026,254,0,0,254
8027,247,0,0,247
8028,237,0,0,237
8029,255,26,0,281
8030,255,26,0,281
8031,255,4,0,259
8032,244,0,0,244
8033,255,15,0,270
8034,255,25,0,280
8035,228,0,0,228
8036,231,0,0,231
8037,255,25,0,280
8038,240,0,0,240
8039,191,0,0,191
8040,255,14,0,269
8041,212,0,0,212
8042,255,2,0,257
8043,213,0,0,213
8044,255,25,0,280
8045,224,0,0,224
8046,255,19,0,274
8047,224,0,0,224
8048,218,0,0,218
8049,238,0,0,238
8050,255,8,0,263
8051,232,0,0,232
8052,230,0,0,230
8053,255,8,0,263
8054,247,0,0,247
8055,255,61,0,316
8056,255,30,0,285
8057,204,0,0,204
8058,226,0,0,226
8059,198,0,0,198
8060,255,3,0,258
8061,202,0,0,202
8062,235,0,0,235
8063,226,0,0,226
8064,218,0,0,218
8065,177,0,0,177
8066,245,0,0,245
8067,183,0,0,183
8068,0,0,0,0
8069,234,0,0,234
8070,255,85,0,340
8071,246,0,0,246
8072,215,0,0,215
8073,255,33,0,288
8074,204,0,0,204
8075,253,0,0,253
8076,188,0,0,188
8077,255,35,0,290
8078,231,0,0,231
8079,255,9,0,264
8080,255,154,0,409
8081,255,52,0,307
8082,255,46,0,301
8083,255,18,0,273
8084,255,30,0,285
8085,255,14,0,269
8086,255,22,0,277
8087,255,21,0,276
8088,255,84,0,339
8089,255,46,0,301
8090,255,52,0,307
8091,239,0,0,239
8092,193,0,0,193
8093,108,0,0,108
8094,236,0,0,236
8095,198,0,0,198
8096,234,0,0,234
8097,210,0,0,210
8098,255,12,0,267
8099,249,0,0,249
8100,255,62,0,317
8101,255,43,0,298
8102,255,14,0,269
8103,255,17,0,272
8104,255,55,0,310
8105,255,22,0,277
8106,255,12,0,267
8107,255,80,0,335
8108,255,78,0,333
8109,255,37,0,292
8110,255,29,0,284
8111,255,51,0,306
8112,255,51,0,306
8113,255,48,0,303
8114,255,18,0,273
8115,255,14,0,269
8116,255,15,0,270
8117,255,15,0,270
8118,255,69,0,324
8119,255,55,0,310
8120,255,14,0,269
8121,255,46,0,301
8122,249,0,0,249
8123,255,53,0,308
8124,255,21,0,276
8125,255,30,0,285
8126,255,64,0,319
8127,255,42,0,297
8128,255,23,0,278
8129,249,0,0,249
8130,255,14,0,269
8131,228,0,0,228
8132,235,0,0,235
8133,255,59,0,314
8134,255,39,0,294
8135,255,12,0,267
8136,235,0,0,235
8137,177,0,0,177
8138,252,0,0,252
8139,234,0,0,234
8140,255,6,0,261
8141,239,0,0,239
8142,245,0,0,245
8143,255,26,0,281
8144,240,0,0,240
8145,255,9,0,264
8146,166,0,0,166
8147,255,13,0,268
8148,255,23,0,278
8149,224,0,0,224
8150,255,25,0,280
8151,238,0,0,238
8152,230,0,0,230
8153,255,69,0,324
8154,253,0,0,253
8155,255,16,0,271
8156,238,0,0,238
8157,255,31,0,286
8158,255,70,0,325
8159,255,6,0,261
8160,255,1,0,256
8161,237,0,0,237
8162,239,0,0,239
8163,255,1,0,256
8164,255,5,0,260
8165,234,0,0,234
8166,255,18,0,273
8167,228,0,0,228
8168,255,14,0,269
8169,255,4,0,259
8170,255,2,0,257
8171,243,0,0,243
8172,232,0,0,232
8173,255,1,0,256
8174,215,0,0,215
8175,250,0,0,250
8176,255,39,0,294
8177,255,8,0,263
8178,255,4,0,259
8179,255,46,0,301
8180,255,57,0,312
8181,255,127,0,382
8182,255,33,0,288
8183,255,29,0,284
8184,255,64,0,319
8185,246,0,0,246
8186,255,69,0,324
8187,255,16,0,271
8188,255,42,0,297
8189,255,25,0,280
8190,255,38,0,293
8191,255,27,0,282
8192,255,37,0,292
8193,255,20,0,275
8194,223,0,0,223
8195,246,0,0,246
8196,158,0,0,158
8197,254,0,0,254
8198,255,9,0,264
8199,255,17,0,272
8200,255,24,0,279
8201,255,37,0,292
8202,255,36,0,291
8203,255,57,0,312
8204,255,25,0,280
8205,255,32,0,287
8206,244,0,0,244
8207,255,60,0,315
8208,255,4,0,259
8209,255,14,0,269
8210,255,84,0,339
8211,255,46,0,301
8212,255,27,0,282
8213,255,21,0,276
8214,255,12,0,267
8215,255,6,0,261
8216,255,43,0,298
8217,255,2,0,257
8218,255,46,0,301
8219,255,35,0,290
8220,255,24,0,279
8221,255,43,0,298
8222,255,21,0,276
8223,245,0,0,245
8224,250,0,0,250
8225,242,0,0,242
8226,255,16,0,271
8227,255,20,0,275
8228,255,56,0,311
8229,221,0,0,221
8230,244,0,0,244
8231,255,6,0,261
8232,255,1,0,256
8233,255,0,0,255
8234,255,52,0,307
8235,255,9,0,264
8236,255,2,0,257
8237,255,16,0,271
8238,255,24,0,279
8239,237,0,0,237
8240,255,41,0,296
8241,255,9,0,264
8242,255,25,0,280
8243,255,6,0,261
8244,255,44,0,299
8245,255,18,0,273
8246,255,112,0,367
8247,251,0,0,251
8248,255,12,0,267
8249,253,0,0,253
8250,255,34,0,289
8251,255,32,0,287
8252,255,72,0,327
8253,255,9,0,264
8254,250,0,0,250
8255,255,19,0,274
8256,255,18,0,273
8257,255,14,0,269
8258,255,55,0,310
8259,215,0,0,215
8260,255,34,0,289
8261,250,0,0,250
8262,250,0,0,250
8263,251,0,0,251
8264,255,79,0,334
8265,255,2,0,257
8266,255,7,0,262
8267,255,18,0,273
8268,224,0,0,224
8269,255,5,0,260
8270,221,0,0,221
8271,255,2,0,257
8272,255,74,0,329
8273,246,0,0,246
8274,255,9,0,264
8275,255,31,0,286
8276,226,0,0,226
8277,255,39,0,294
8278,210,0,0,210
8279,255,37,0,292
8280,245,0,0,245
8281,255,21,0,276
8282,255,190,0,445
8283,255,36,0,291
8284,255,34,0,289
8285,255,34,0,289
8286,255,18,0,273
8287,255,41,0,296
8288,255,38,0,293
8289,255,30,0,285
8290,255,15,0,270
8291,255,21,0,276
8292,255,3,0,258
8293,253,0,0,253
8294,206,0,0,206
8295,227,0,0,227
8296,226,0,0,226
8297,240,0,0,240
8298,255,11,0,266
8299,255,0,0,255
8300,255,14,0,269
8301,255,49,0,304
8302,255,22,0,277
8303,255,8,0,263
8304,255,31,0,286
8305,255,19,0,274
8306,239,0,0,239
8307,255,2,0,257
8308,255,2,0,257
8309,255,0,0,255
8310,255,64,0,319
8311,255,83,0,338
8312,255,76,0,331
8313,227,0,0,227
8314,255,33,0,288
8315,255,1,0,256
8316,255,14,0,269
8317,255,17,0,272
8318,255,59,0,314
8319,255,17,0,272
8320,255,5,0,260
8321,255,19,0,274
8322,255,3,0,258
8323,255,1,0,256
8324,255,26,0,281
8325,255,18,0,273
8326,223,0,0,223
8327,255,9,0,264
8328,250,0,0,250
8329,220,0,0,220
8330,255,1,0,256
8331,237,0,0,237
8332,255,27,0,282
8333,235,0,0,235
8334,195,0,0,195
8335,252,0,0,252
8336,230,0,0,230
8337,255,10,0,265
8338,255,35,0,290
8339,206,0,0,206
8340,252,0,0,252
8341,239,0,0,239
8342,255,18,0,273
8343,166,0,0,166
8344,200,0,0,200
8345,255,19,0,274
8346,185,0,0,185
8347,255,39,0,294
8348,255,39,0,294
8349,206,0,0,206
8350,255,61,0,316
8351,255,25,0,280
8352,255,41,0,296
8353,239,0,0,239
8354,221,0,0,221
8355,228,0,0,228
8356,185,0,0,185
8357,231,0,0,231
8358,255,4,0,259
8359,228,0,0,228
8360,238,0,0,238
8361,237,0,0,237
8362,212,0,0,212
8363,227,0,0,227
8364,218,0,0,218
8365,224,0,0,224
8366,255,33,0,288
8367,255,14,0,269
8368,242,0,0,242
8369,238,0,0,238
8370,254,0,0,254
8371,255,45,0,300
8372,255,11,0,266
8373,250,0,0,250
8374,220,0,0,220
8375,255,0,0,255
8376,195,0,0,195
8377,237,0,0,237
8378,252,0,0,252
8379,255,0,0,255
8380,250,0,0,250
8381,255,28,0,283
8382,255,20,0,275
8383,255,89,0,344
8384,255,55,0,310
8385,255,38,0,293
8386,255,1,0,256
8387,234,0,0,234
8388,255,21,0,276
8389,255,31,0,286
8390,248,0,0,248
8391,255,28,0,283
8392,236,0,0,236
8393,255,7,0,262
8394,206,0,0,206
8395,210,0,0,210
8396,227,0,0,227
8397,170,0,0,170
8398,132,0,0,132
8399,243,0,0,243
8400,255,8,0,263
8401,255,34,0,289
8402,255,18,0,273
8403,255,5,0,260
8404,255,38,0,293
8405,255,12,0,267
8406,255,46,0,301
8407,255,12,0,267
8408,255,2,0,257
8409,255,39,0,294
8410,255,33,0,288
8411,255,101,0,356
8412,255,44,0,299
8413,251,0,0,251
8414,255,27,0,282
8415,255,4,0,259
8416,255,12,0,267
8417,253,0,0,253
8418,240,0,0,240
8419,250,0,0,250
8420,255,26,0,281
8421,255,67,0,322
8422,255,24,0,279
8423,243,0,0,243
8424,255,77,0,332
8425,255,73,0,328
8426,255,133,0,388
8427,255,33,0,288
8428,251,0,0,251
8429,191,0,0,191
8430,239,0,0,239
8431,255,19,0,274
8432,255,47,0,302
8433,255,16,0,271
8434,238,0,0,238
8435,228,0,0,228
8436,255,31,0,286
8437,177,0,0,177
8438,162,0,0,162
8439,234,0,0,234
8440,234,0,0,234
8441,238,0,0,238
8442,242,0,0,242
8443,217,0,0,217
8444,255,2,0,257
8445,255,10,0,265
8446,255,1,0,256
8447,227,0,0,227
8448,255,48,0,303
8449,227,0,0,227
8450,240,0,0,240
8451,255,29,0,284
8452,255,22,0,277
8453,230,0,0,230
8454,250,0,0,250
8455,255,46,0,301
8456,255,63,0,318
8457,255,3,0,258
8458,254,0,0,254
8459,232,0,0,232
8460,252,0,0,252
8461,255,66,0,321
8462,255,94,0,349
8463,243,0,0,243
8464,255,40,0,295
8465,254,0,0,254
8466,237,0,0,237
8467,227,0,0,227
8468,255,48,0,303
8469,255,15,0,270
8470,244,0,0,244
8471,255,38,0,293
8472,255,84,0,339
8473,247,0,0,247
8474,255,11,0,266
8475,255,39,0,294
8476,242,0,0,242
8477,255,59,0,314
8478,255,24,0,279
8479,246,0,0,246
8480,255,39,0,294
8481,250,0,0,250
8482,255,27,0,282
8483,250,0,0,250
8484,255,130,0,385
8485,255,38,0,293
8486,255,47,0,302
8487,255,60,0,315
8488,255,28,0,283
8489,255,64,0,319
8490,255,1,0,256
8491,255,29,0,284
8492,230,0,0,230
8493,215,0,0,215
8494,255,39,0,294
8495,249,0,0,249
8496,220,0,0,220
8497,236,0,0,236
8498,231,0,0,231
8499,255,16,0,271
8500,255,56,0,311
8501,255,29,0,284
8502,255,65,0,320
8503,255,6,0,261
8504,255,82,0,337
8505,255,39,0,294
8506,255,6,0,261
8507,255,5,0,260
8508,255,6,0,261
8509,255,93,0,348
8510,255,43,0,298
8511,255,69,0,324
8512,255,58,0,313
8513,255,56,0,311
8514,255,36,0,291
8515,255,38,0,293
8516,255,36,0,291
8517,236,0,0,236
8518,255,22,0,277
8519,247,0,0,247
8520,255,226,0,481
8521,255,76,0,331
8522,255,18,0,273
8523,255,63,0,318
8524,255,33,0,288
8525,255,75,0,330
8526,255,9,0,264
8527,255,4,0,259
8528,255,16,0,271
8529,255,1,0,256
8530,255,45,0,300
8531,255,40,0,295
8532,255,18,0,273
8533,255,2,0,257
8534,255,2,0,257
8535,255,4,0,259
8536,243,0,0,243
8537,255,12,0,267
8538,185,0,0,185
8539,170,0,0,170
8540,248,0,0,248
8541,255,33,0,288
8542,255,48,0,303
8543,236,0,0,236
8544,255,46,0,301
8545,255,24,0,279
8546,255,20,0,275
8547,255,6,0,261
8548,220,0,0,220
8549,249,0,0,249
8550,255,22,0,277
8551,221,0,0,221
8552,255,26,0,281
8553,224,0,0,224
8554,245,0,0,245
8555,255,29,0,284
8556,239,0,0,239
8557,166,0,0,166
8558,255,45,0,300
8559,255,12,0,267
8560,230,0,0,230
8561,243,0,0,243
8562,255,19,0,274
8563,255,20,0,275
8564,255,11,0,266
8565,255,28,0,283
8566,255,25,0,280
8567,255,35,0,290
8568,213,0,0,213
8569,255,35,0,290
8570,249,0,0,249
8571,251,0,0,251
8572,255,54,0,309
8573,232,0,0,232
8574,255,12,0,267
8575,255,88,0,343
8576,255,31,0,286
8577,255,82,0,337
8578,204,0,0,204
8579,255,18,0,273
8580,255,8,0,263
8581,255,2,0,257
8582,255,30,0,285
8583,255,2,0,257
8584,255,37,0,292
8585,255,139,0,394
8586,255,84,0,339
8587,255,31,0,286
8588,255,83,0,338
8589,255,52,0,307
8590,255,26,0,281
8591,255,22,0,277
8592,226,0,0,226
8593,253,0,0,253
8594,228,0,0,228
8595,255,29,0,284
8596,255,45,0,300
8597,239,0,0,239
8598,185,0,0,185
8599,247,0,0,247
8600,255,5,0,260
8601,244,0,0,244
8602,238,0,0,238
8603,245,0,0,245
8604,255,2,0,257
8605,250,0,0,250
8606,234,0,0,234
8607,255,10,0,265
8608,250,0,0,250
8609,234,0,0,234
8610,246,0,0,246
8611,255,34,0,289
8612,255,56,0,311
8613,252,0,0,252
8614,236,0,0,236
8615,249,0,0,249
8616,255,6,0,261
8617,255,20,0,275
8618,255,4,0,259
8619,217,0,0,217
8620,195,0,0,195
8621,253,0,0,253
8622,255,25,0,280
8623,236,0,0,236
8624,255,86,0,341
8625,255,41,0,296
8626,255,2,0,257
8627,255,10,0,265
8628,223,0,0,223
8629,255,33,0,288
8630,237,0,0,237
8631,246,0,0,246
8632,255,18,0,273
8633,255,27,0,282
8634,220,0,0,220
8635,221,0,0,221
8636,180,0,0,180
8637,202,0,0,202
8638,204,0,0,204
8639,238,0,0,238
8640,240,0,0,240
8641,195,0,0,195
8642,255,80,0,335
8643,217,0,0,217
8644,242,0,0,242
8645,255,7,0,262
8646,170,0,0,170
8647,221,0,0,221
8648,255,48,0,303
8649,255,72,0,327
8650,255,71,0,326
8651,255,4,0,259
8652,223,0,0,223
8653,212,0,0,212
8654,255,4,0,259
8655,246,0,0,246
8656,228,0,0,228
8657,248,0,0,248
8658,244,0,0,244
8659,250,0,0,250
8660,255,4,0,259
8661,248,0,0,248
8662,255,18,0,273
8663,249,0,0,249
8664,255,5,0,260
8665,250,0,0,250
8666,230,0,0,230
8667,255,2,0,257
8668,255,55,0,310
8669,255,72,0,327
8670,255,10,0,265
8671,242,0,0,242
8672,255,5,0,260
8673,231,0,0,231
8674,255,0,0,255
8675,255,57,0,312
8676,255,6,0,261
8677,239,0,0,239
8678,255,63,0,318
8679,227,0,0,227
8680,218,0,0,218
8681,236,0,0,236
8682,234,0,0,234
8683,255,16,0,271
8684,255,31,0,286
8685,250,0,0,250
8686,255,114,0,369
8687,255,41,0,296
8688,255,44,0,299
8689,255,26,0,281
8690,255,21,0,276
8691,255,7,0,262
8692,255,2,0,257
8693,246,0,0,246
8694,255,18,0,273
8695,239,0,0,239
8696,234,0,0,234
8697,213,0,0,213
8698,255,24,0,279
8699,244,0,0,244
8700,255,46,0,301
8701,255,36,0,291
8702,255,47,0,302
8703,254,0,0,254
8704,249,0,0,249
8705,228,0,0,228
8706,255,33,0,288
8707,249,0,0,249
8708,237,0,0,237
8709,248,0,0,248
8710,255,37,0,292
8711,255,55,0,310
8712,255,36,0,291
8713,255,5,0,260
8714,218,0,0,218
8715,255,37,0,292
8716,255,12,0,267
8717,223,0,0,223
8718,218,0,0,218
8719,255,1,0,256
8720,254,0,0,254
8721,255,58,0,313
8722,251,0,0,251
8723,255,55,0,310
8724,235,0,0,235
8725,213,0,0,213
8726,255,24,0,279
8727,255,1,0,256
8728,188,0,0,188
8729,185,0,0,185
8730,249,0,0,249
8731,255,12,0,267
8732,237,0,0,237
8733,255,1,0,256
8734,236,0,0,236
8735,217,0,0,217
8736,215,0,0,215
8737,198,0,0,198
8738,185,0,0,185
8739,204,0,0,204
8740,255,40,0,295
8741,255,25,0,280
8742,255,2,0,257
8743,200,0,0,200
8744,221,0,0,221
8745,255,12,0,267
8746,231,0,0,231
8747,213,0,0,213
8748,228,0,0,228
8749,255,36,0,291
8750,255,23,0,278
8751,231,0,0,231
8752,248,0,0,248
8753,250,0,0,250
8754,255,22,0,277
8755,255,21,0,276
8756,255,43,0,298
8757,238,0,0,238
8758,243,0,0,243
8759,255,64,0,319
8760,228,0,0,228
8761,251,0,0,251
8762,252,0,0,252
8763,248,0,0,248
8764,250,0,0,250
8765,255,101,0,356
8766,255,22,0,277
8767,239,0,0,239
8768,230,0,0,230
8769,255,19,0,274
8770,255,6,0,261
8771,255,13,0,268
8772,255,16,0,271
8773,232,0,0,232
8774,255,27,0,282
8775,249,0,0,249
8776,215,0,0,215
8777,255,24,0,279
8778,255,49,0,304
8779,255,83,0,338
8780,252,0,0,252
8781,224,0,0,224
8782,251,0,0,251
8783,226,0,0,226
8784,236,0,0,236
8785,255,18,0,273
8786,255,7,0,262
8787,255,134,0,389
8788,255,57,0,312
8789,255,72,0,327
8790,255,35,0,290
8791,255,45,0,300
8792,227,0,0,227
8793,255,5,0,260
8794,212,0,0,212
8795,215,0,0,215
8796,255,21,0,276
8797,255,21,0,276
8798,255,50,0,305
8799,255,18,0,273
8800,255,62,0,317
8801,255,24,0,279
8802,255,6,0,261
8803,238,0,0,238
8804,243,0,0,243
8805,255,36,0,291
8806,255,10,0,265
8807,252,0,0,252
8808,255,96,0,351
8809,255,51,0,306
8810,255,51,0,306
8811,255,60,0,315
8812,255,57,0,312
8813,255,24,0,279
8814,255,65,0,320
8815,255,3,0,258
8816,255,12,0,267
8817,255,21,0,276
8818,255,40,0,295
8819,255,42,0,297
8820,250,0,0,250
8821,255,31,0,286
8822,255,55,0,310
8823,255,38,0,293
8824,255,76,0,331
8825,255,17,0,272
8826,240,0,0,240
8827,255,0,0,255
8828,255,59,0,314
8829,204,0,0,204
8830,255,14,0,269
8831,255,44,0,299
8832,255,22,0,277
8833,255,44,0,299
8834,239,0,0,239
8835,247,0,0,247
8836,255,2,0,257
8837,221,0,0,221
8838,243,0,0,243
8839,193,0,0,193
8840,246,0,0,246
8841,255,24,0,279
8842,255,16,0,271
8843,255,30,0,285
8844,255,42,0,297
8845,247,0,0,247
8846,255,43,0,298
8847,255,18,0,273
8848,255,72,0,327
8849,223,0,0,223
8850,255,64,0,319
8851,243,0,0,243
8852,255,44,0,299
8853,255,18,0,273
8854,248,0,0,248
8855,255,53,0,308
8856,255,2,0,257
8857,237,0,0,237
8858,255,22,0,277
8859,248,0,0,248
8860,239,0,0,239
8861,244,0,0,244
8862,242,0,0,242
8863,255,4,0,259
8864,255,63,0,318
8865,255,25,0,280
8866,255,45,0,300
8867,239,0,0,239
8868,255,19,0,274
8869,255,48,0,303
8870,255,26,0,281
8871,255,11,0,266
8872,254,0,0,254
8873,255,11,0,266
8874,255,26,0,281
8875,255,73,0,328
8876,255,33,0,288
8877,255,82,0,337
8878,255,40,0,295
8879,255,35,0,290
8880,255,44,0,299
8881,255,48,0,303
8882,255,10,0,265
8883,255,21,0,276
8884,255,70,0,325
8885,255,22,0,277
8886,255,20,0,275
8887,255,34,0,289
8888,255,255,44,554
8889,255,75,0,330
8890,255,55,0,310
8891,255,46,0,301
8892,255,53,0,308
8893,255,50,0,305
8894,252,0,0,252
8895,255,8,0,263
8896,255,17,0,272
8897,255,37,0,292
8898,255,95,0,350
8899,255,131,0,386
8900,255,62,0,317
8901,255,62,0,317
8902,255,28,0,283
8903,206,0,0,206
8904,243,0,0,243
8905,234,0,0,234
8906,237,0,0,237
8907,255,29,0,284
8908,255,26,0,281
8909,249,0,0,249
8910,255,65,0,320
8911,255,32,0,287
8912,255,69,0,324
8913,255,5,0,260
8914,255,3,0,258
8915,252,0,0,252
8916,255,6,0,261
8917,245,0,0,245
8918,254,0,0,254
8919,255,70,0,325
8920,255,48,0,303
8921,255,18,0,273
8922,255,35,0,290
8923,255,30,0,285
8924,248,0,0,248
8925,255,58,0,313
8926,204,0,0,204
8927,227,0,0,227
8928,255,22,0,277
8929,251,0,0,251
8930,255,1,0,256
8931,255,3,0,258
8932,234,0,0,234
8933,255,6,0,261
8934,255,3,0,258
8935,221,0,0,221
8936,185,0,0,185
8937,255,19,0,274
8938,253,0,0,253
8939,185,0,0,185
8940,226,0,0,226
8941,215,0,0,215
8942,239,0,0,239
8943,239,0,0,239
8944,255,20,0,275
8945,251,0,0,251
8946,255,37,0,292
8947,193,0,0,193
8948,177,0,0,177
8949,255,26,0,281
8950,255,14,0,269
8951,255,85,0,340
8952,206,0,0,206
8953,220,0,0,220
8954,234,0,0,234
8955,239,0,0,239
8956,255,20,0,275
8957,144,0,0,144
8958,255,33,0,288
8959,243,0,0,243
8960,212,0,0,212
8961,204,0,0,204
8962,223,0,0,223
8963,255,38,0,293
8964,253,0,0,253
8965,255,2,0,257
8966,255,0,0,255
8967,255,46,0,301
8968,255,26,0,281
8969,255,38,0,293
8970,255,14,0,269
8971,255,7,0,262
8972,255,56,0,311
8973,183,0,0,183
8974,255,37,0,292
8975,237,0,0,237
8976,255,30,0,285
8977,255,56,0,311
8978,255,2,0,257
8979,255,7,0,262
8980,255,6,0,261
8981,255,26,0,281
8982,226,0,0,226
8983,215,0,0,215
8984,242,0,0,242
8985,255,19,0,274
8986,255,19,0,274
8987,255,25,0,280
8988,255,66,0,321
8989,255,173,0,428
8990,255,32,0,287
8991,255,54,0,309
8992,255,6,0,261
8993,255,34,0,289
8994,255,5,0,260
8995,218,0,0,218
8996,253,0,0,253
8997,255,23,0,278
8998,255,78,0,333
8999,255,19,0,274
9000,255,139,0,394
9001,255,80,0,335
9002,255,45,0,300
9003,255,14,0,269
9004,255,29,0,284
9005,246,0,0,246
9006,255,64,0,319
9007,255,41,0,296
9008,255,52,0,307
9009,255,95,0,350
9010,255,57,0,312
9011,255,52,0,307
9012,255,81,0,336
9013,255,14,0,269
9014,255,74,0,329
9015,255,48,0,303
9016,236,0,0,236
9017,255,32,0,287
9018,250,0,0,250
9019,255,5,0,260
9020,255,34,0,289
9021,255,38,0,293
9022,255,84,0,339
9023,255,65,0,320
9024,255,13,0,268
9025,255,15,0,270
9026,252,0,0,252
9027,255,0,0,255
9028,243,0,0,243
9029,255,8,0,263
9030,255,24,0,279
9031,255,5,0,260
9032,215,0,0,215
9033,218,0,0,218
9034,215,0,0,215
9035,220,0,0,220
9036,208,0,0,208
9037,200,0,0,200
9038,193,0,0,193
9039,236,0,0,236
9040,255,14,0,269
9041,255,7,0,262
9042,235,0,0,235
9043,221,0,0,221
9044,252,0,0,252
9045,249,0,0,249
9046,217,0,0,217
9047,162,0,0,162
9048,204,0,0,204
9049,210,0,0,210
9050,255,15,0,270
9051,195,0,0,195
9052,255,45,0,300
9053,245,0,0,245
9054,230,0,0,230
9055,246,0,0,246
9056,251,0,0,251
9057,251,0,0,251
9058,230,0,0,230
9059,238,0,0,238
9060,250,0,0,250
9061,237,0,0,237
9062,255,22,0,277
9063,208,0,0,208
9064,191,0,0,191
9065,224,0,0,224
9066,204,0,0,204
9067,255,27,0,282
9068,195,0,0,195
9069,255,38,0,293
9070,255,2,0,257
9071,173,0,0,173
9072,244,0,0,244
9073,195,0,0,195
9074,255,45,0,300
9075,246,0,0,246
9076,173,0,0,173
9077,255,6,0,261
9078,247,0,0,247
9079,254,0,0,254
9080,255,69,0,324
9081,232,0,0,232
9082,255,18,0,273
9083,255,4,0,259
9084,227,0,0,227
9085,208,0,0,208
9086,238,0,0,238
9087,255,87,0,342
9088,255,18,0,273
9089,249,0,0,249
9090,255,198,0,453
9091,255,57,0,312
9092,255,4,0,259
9093,255,8,0,263
9094,237,0,0,237
9095,253,0,0,253
9096,252,0,0,252
9097,232,0,0,232
9098,255,39,0,294
9099,255,44,0,299
9100,255,58,0,313
9101,255,12,0,267
9102,255,19,0,274
9103,247,0,0,247
9104,248,0,0,248
9105,250,0,0,250
9106,255,34,0,289
9107,206,0,0,206
9108,215,0,0,215
9109,242,0,0,242
9110,255,96,0,351
9111,255,189,0,444
9112,255,86,0,341
9113,255,13,0,268
9114,255,24,0,279
9115,255,114,0,369
9116,255,39,0,294
9117,255,62,0,317
9118,255,26,0,281
9119,255,111,0,366
9120,255,9,0,264
9121,255,18,0,273
9122,255,12,0,267
9123,255,63,0,318
9124,248,0,0,248
9125,255,59,0,314
9126,231,0,0,231
9127,242,0,0,242
9128,255,27,0,282
9129,224,0,0,224
9130,212,0,0,212
9131,231,0,0,231
9132,252,0,0,252
9133,255,2,0,257
9134,251,0,0,251
9135,255,2,0,257
9136,226,0,0,226
9137,255,22,0,277
9138,177,0,0,177
9139,208,0,0,208
9140,255,45,0,300
9141,208,0,0,208
9142,246,0,0,246
9143,223,0,0,223
9144,255,0,0,255
9145,255,25,0,280
9146,254,0,0,254
9147,255,5,0,260
9148,173,0,0,173
9149,202,0,0,202
9150,255,2,0,257
9151,230,0,0,230
9152,240,0,0,240
9153,255,6,0,261
9154,255,2,0,257
9155,255,14,0,269
9156,238,0,0,238
9157,239,0,0,239
9158,255,8,0,263
9159,173,0,0,173
9160,236,0,0,236
9161,240,0,0,240
9162,248,0,0,248
9163,255,23,0,278
9164,236,0,0,236
9165,255,19,0,274
9166,255,27,0,282
9167,224,0,0,224
9168,255,1,0,256
9169,247,0,0,247
9170,255,30,0,285
9171,238,0,0,238
9172,238,0,0,238
9173,255,49,0,304
9174,204,0,0,204
9175,255,2,0,257
9176,248,0,0,248
9177,255,8,0,263
9178,193,0,0,193
9179,250,0,0,250
9180,255,12,0,267
9181,255,8,0,263
9182,255,42,0,297
9183,213,0,0,213
9184,255,28,0,283
9185,195,0,0,195
9186,223,0,0,223
9187,255,7,0,262
9188,255,32,0,287
9189,235,0,0,235
9190,255,36,0,291
9191,255,118,0,373
9192,255,28,0,283
9193,255,24,0,279
9194,255,22,0,277
9195,243,0,0,243
9196,255,4,0,259
9197,230,0,0,230
9198,255,40,0,295
9199,255,5,0,260
9200,255,65,0,320
9201,255,58,0,313
9202,255,7,0,262
9203,255,14,0,269
9204,255,12,0,267
9205,202,0,0,202
9206,215,0,0,215
9207,204,0,0,204
9208,202,0,0,202
9209,204,0,0,204
9210,255,22,0,277
9211,255,36,0,291
9212,230,0,0,230
9213,255,14,0,269
9214,243,0,0,243
9215,255,10,0,265
9216,255,18,0,273
9217,226,0,0,226
9218,255,21,0,276
9219,255,9,0,264
9220,238,0,0,238
9221,255,6,0,261
9222,255,19,0,274
9223,247,0,0,247
9224,239,0,0,239
9225,255,74,0,329
9226,255,5,0,260
9227,255,15,0,270
9228,204,0,0,204
9229,255,25,0,280
9230,252,0,0,252
9231,255,1,0,256
9232,255,2,0,257
9233,250,0,0,250
9234,252,0,0,252
9235,236,0,0,236
9236,220,0,0,220
9237,238,0,0,238
9238,255,5,0,260
9239,255,35,0,290
9240,226,0,0,226
9241,213,0,0,213
9242,246,0,0,246
9243,235,0,0,235
9244,228,0,0,228
9245,218,0,0,218
9246,213,0,0,213
9247,255,21,0,276
9248,248,0,0,248
9249,210,0,0,210
9250,255,3,0,258
9251,254,0,0,254
9252,255,22,0,277
9253,228,0,0,228
9254,255,12,0,267
9255,255,3,0,258
9256,255,10,0,265
9257,213,0,0,213
9258,236,0,0,236
9259,235,0,0,235
9260,236,0,0,236
9261,228,0,0,228
9262,253,0,0,253
9263,255,38,0,293
9264,255,24,0,279
9265,185,0,0,185
9266,234,0,0,234
9267,249,0,0,249
9268,227,0,0,227
9269,208,0,0,208
9270,237,0,0,237
9271,235,0,0,235
9272,244,0,0,244
9273,232,0,0,232
9274,236,0,0,236
9275,234,0,0,234
9276,228,0,0,228
9277,246,0,0,246
9278,239,0,0,239
9279,255,21,0,276
9280,242,0,0,242
9281,255,15,0,270
9282,226,0,0,226
9283,238,0,0,238
9284,245,0,0,245
9285,239,0,0,239
9286,255,3,0,258
9287,210,0,0,210
9288,255,28,0,283
9289,217,0,0,217
9290,255,40,0,295
9291,240,0,0,240
9292,255,126,0,381
9293,255,30,0,285
9294,255,9,0,264
9295,255,28,0,283
9296,255,28,0,283
9297,228,0,0,228
9298,255,27,0,282
9299,255,10,0,265
9300,255,43,0,298
9301,255,0,0,255
9302,202,0,0,202
9303,255,3,0,258
9304,228,0,0,228
9305,198,0,0,198
9306,255,44,0,299
9307,223,0,0,223
9308,231,0,0,231
9309,250,0,0,250
9310,232,0,0,232
9311,255,47,0,302
9312,255,78,0,333
9313,215,0,0,215
9314,244,0,0,244
9315,255,1,0,256
9316,235,0,0,235
9317,255,18,0,273
9318,246,0,0,246
9319,246,0,0,246
9320,226,0,0,226
9321,255,21,0,276
9322,245,0,0,245
9323,255,0,0,255
9324,255,21,0,276
9325,235,0,0,235
9326,227,0,0,227
9327,255,29,0,284
9328,242,0,0,242
9329,227,0,0,227
9330,230,0,0,230
9331,255,2,0,257
9332,238,0,0,238
9333,255,52,0,307
9334,221,0,0,221
9335,255,0,0,255
9336,250,0,0,250
9337,228,0,0,228
9338,245,0,0,245
9339,255,65,0,320
9340,183,0,0,183
9341,239,0,0,239
9342,232,0,0,232
9343,185,0,0,185
9344,224,0,0,224
9345,255,34,0,289
9346,255,22,0,277
9347,185,0,0,185
9348,255,21,0,276
9349,255,12,0,267
9350,227,0,0,227
9351,206,0,0,206
9352,215,0,0,215
9353,215,0,0,215
9354,255,4,0,259
9355,255,34,0,289
9356,236,0,0,236
9357,255,16,0,271
9358,215,0,0,215
9359,191,0,0,191
9360,220,0,0,220
9361,200,0,0,200
9362,224,0,0,224
9363,255,30,0,285
9364,198,0,0,198
9365,255,10,0,265
9366,255,21,0,276
9367,191,0,0,191
9368,255,19,0,274
9369,244,0,0,244
9370,195,0,0,195
9371,255,21,0,276
9372,235,0,0,235
9373,183,0,0,183
9374,221,0,0,221
9375,220,0,0,220
9376,230,0,0,230
9377,255,9,0,264
9378,228,0,0,228
9379,223,0,0,223
9380,217,0,0,217
9381,193,0,0,193
9382,221,0,0,221
9383,250,0,0,250
9384,212,0,0,212
9385,215,0,0,215
9386,215,0,0,215
9387,244,0,0,244
9388,242,0,0,242
9389,255,9,0,264
9390,232,0,0,232
9391,193,0,0,193
9392,255,44,0,299
9393,255,70,0,325
9394,255,75,0,330
9395,255,14,0,269
9396,249,0,0,249
9397,235,0,0,235
9398,252,0,0,252
9399,255,37,0,292
9400,255,4,0,259
9401,255,13,0,268
9402,221,0,0,221
9403,248,0,0,248
9404,243,0,0,243
9405,253,0,0,253
9406,223,0,0,223
9407,210,0,0,210
9408,249,0,0,249
9409,198,0,0,198
9410,255,15,0,270
9411,255,35,0,290
9412,255,9,0,264
9413,255,99,0,354
9414,255,34,0,289
9415,220,0,0,220
9416,231,0,0,231
9417,255,0,0,255
9418,227,0,0,227
9419,204,0,0,204
9420,254,0,0,254
9421,255,9,0,264
9422,255,7,0,262
9423,255,38,0,293
9424,255,11,0,266
9425,244,0,0,244
9426,250,0,0,250
9427,255,4,0,259
9428,251,0,0,251
9429,224,0,0,224
9430,180,0,0,180
9431,247,0,0,247
9432,232,0,0,232
9433,208,0,0,208
9434,220,0,0,220
9435,218,0,0,218
9436,218,0,0,218
9437,249,0,0,249
9438,236,0,0,236
9439,255,7,0,262
9440,248,0,0,248
9441,240,0,0,240
9442,255,24,0,279
9443,245,0,0,245
9444,253,0,0,253
9445,215,0,0,215
9446,210,0,0,210
9447,191,0,0,191
9448,255,23,0,278
9449,255,32,0,287
9450,237,0,0,237
9451,248,0,0,248
9452,255,12,0,267
9453,254,0,0,254
9454,232,0,0,232
9455,255,5,0,260
9456,255,28,0,283
9457,227,0,0,227
9458,255,11,0,266
9459,227,0,0,227
9460,193,0,0,193
9461,242,0,0,242
9462,255,9,0,264
9463,255,2,0,257
9464,255,8,0,263
9465,255,8,0,263
9466,246,0,0,246
9467,224,0,0,224
9468,217,0,0,217
9469,188,0,0,188
9470,244,0,0,244
9471,235,0,0,235
9472,227,0,0,227
9473,227,0,0,227
9474,255,2,0,257
9475,232,0,0,232
9476,253,0,0,253
9477,220,0,0,220
9478,255,2,0,257
9479,255,2,0,257
9480,144,0,0,144
9481,255,12,0,267
9482,195,0,0,195
9483,228,0,0,228
9484,255,0,0,255
9485,255,65,0,320
9486,255,16,0,271
9487,248,0,0,248
9488,228,0,0,228
9489,223,0,0,223
9490,255,7,0,262
9491,255,9,0,264
9492,226,0,0,226
9493,242,0,0,242
9494,255,83,0,338
9495,248,0,0,248
9496,255,8,0,263
9497,255,42,0,297
9498,255,49,0,304
9499,252,0,0,252
9500,255,47,0,302
9501,255,24,0,279
9502,255,11,0,266
9503,245,0,0,245
9504,250,0,0,250
9505,255,31,0,286
9506,255,14,0,269
9507,255,42,0,297
9508,240,0,0,240
9509,224,0,0,224
9510,255,118,0,373
9511,255,45,0,300
9512,255,77,0,332
9513,255,72,0,327
9514,255,21,0,276
9515,255,50,0,305
9516,255,1,0,256
9517,255,0,0,255
9518,255,31,0,286
9519,255,49,0,304
9520,240,0,0,240
9521,247,0,0,247
9522,254,0,0,254
9523,255,16,0,271
9524,255,25,0,280
9525,242,0,0,242
9526,173,0,0,173
9527,255,40,0,295
9528,198,0,0,198
9529,188,0,0,188
9530,243,0,0,243
9531,255,2,0,257
9532,236,0,0,236
9533,255,33,0,288
9534,221,0,0,221
9535,230,0,0,230
9536,255,24,0,279
9537,242,0,0,242
9538,202,0,0,202
9539,162,0,0,162
9540,234,0,0,234
9541,255,38,0,293
9542,255,5,0,260
9543,226,0,0,226
9544,255,33,0,288
9545,255,46,0,301
9546,255,18,0,273
9547,255,11,0,266
9548,231,0,0,231
9549,213,0,0,213
9550,183,0,0,183
9551,255,49,0,304
9552,249,0,0,249
9553,247,0,0,247
9554,240,0,0,240
9555,255,49,0,304
9556,239,0,0,239
9557,255,14,0,269
9558,251,0,0,251
9559,255,5,0,260
9560,255,8,0,263
9561,255,33,0,288
9562,250,0,0,250
9563,255,2,0,257
9564,215,0,0,215
9565,255,31,0,286
9566,255,43,0,298
9567,255,14,0,269
9568,255,3,0,258
9569,255,26,0,281
9570,232,0,0,232
9571,234,0,0,234
9572,212,0,0,212
9573,232,0,0,232
9574,204,0,0,204
9575,255,33,0,288
9576,232,0,0,232
9577,255,15,0,270
9578,231,0,0,231
9579,255,18,0,273
9580,255,25,0,280
9581,228,0,0,228
9582,255,31,0,286
9583,255,98,0,353
9584,255,11,0,266
9585,255,6,0,261
9586,255,21,0,276
9587,231,0,0,231
9588,255,18,0,273
9589,226,0,0,226
9590,239,0,0,239
9591,255,2,0,257
9592,226,0,0,226
9593,226,0,0,226
9594,255,41,0,296
9595,255,109,0,364
9596,228,0,0,228
9597,255,5,0,260
9598,255,24,0,279
9599,255,8,0,263
9600,255,30,0,285
9601,251,0,0,251
9602,247,0,0,247
9603,249,0,0,249
9604,255,9,0,264
9605,255,28,0,283
9606,255,52,0,307
9607,215,0,0,215
9608,188,0,0,188
9609,231,0,0,231
9610,255,41,0,296
9611,255,17,0,272
9612,250,0,0,250
9613,255,20,0,275
9614,255,5,0,260
9615,200,0,0,200
9616,221,0,0,221
9617,217,0,0,217
9618,255,4,0,259
9619,255,36,0,291
9620,231,0,0,231
9621,231,0,0,231
9622,255,9,0,264
9623,255,29,0,284
9624,210,0,0,210
9625,238,0,0,238
9626,220,0,0,220
9627,239,0,0,239
9628,191,0,0,191
9629,125,0,0,125
9630,255,100,0,355
9631,255,33,0,288
9632,255,108,0,363
9633,255,47,0,302
9634,255,11,0,266
9635,255,7,0,262
9636,255,36,0,291
9637,231,0,0,231
9638,251,0,0,251
9639,255,25,0,280
9640,206,0,0,206
9641,240,0,0,240
9642,240,0,0,240
9643,218,0,0,218
9644,247,0,0,247
9645,202,0,0,202
9646,243,0,0,243
9647,195,0,0,195
9648,243,0,0,243
9649,251,0,0,251
9650,223,0,0,223
9651,250,0,0,250
9652,255,6,0,261
9653,255,40,0,295
9654,252,0,0,252
9655,231,0,0,231
9656,231,0,0,231
9657,254,0,0,254
9658,255,9,0,264
9659,255,39,0,294
9660,191,0,0,191
9661,235,0,0,235
9662,255,2,0,257
9663,255,37,0,292
9664,232,0,0,232
9665,255,41,0,296
9666,255,19,0,274
9667,250,0,0,250
9668,224,0,0,224
9669,255,77,0,332
9670,204,0,0,204
9671,239,0,0,239
9672,255,6,0,261
9673,220,0,0,220
9674,238,0,0,238
9675,239,0,0,239
9676,245,0,0,245
9677,255,62,0,317
9678,255,3,0,258
9679,208,0,0,208
9680,232,0,0,232
9681,195,0,0,195
9682,202,0,0,202
9683,195,0,0,195
9684,246,0,0,246
9685,255,17,0,272
9686,240,0,0,240
9687,255,18,0,273
9688,235,0,0,235
9689,255,2,0,257
9690,232,0,0,232
9691,255,7,0,262
9692,237,0,0,237
9693,255,16,0,271
9694,228,0,0,228
9695,170,0,0,170
9696,255,128,0,383
9697,255,14,0,269
9698,255,40,0,295
9699,255,15,0,270
9700,255,4,0,259
9701,255,21,0,276
9702,215,0,0,215
9703,198,0,0,198
9704,251,0,0,251
9705,255,5,0,260
9706,249,0,0,249
9707,253,0,0,253
9708,235,0,0,235
9709,255,32,0,287
9710,255,14,0,269
9711,255,81,0,336
9712,255,14,0,269
9713,255,76,0,331
9714,254,0,0,254
9715,232,0,0,232
9716,235,0,0,235
9717,242,0,0,242
9718,255,35,0,290
9719,245,0,0,245
9720,245,0,0,245
9721,255,28,0,283
9722,255,15,0,270
9723,250,0,0,250
9724,244,0,0,244
9725,255,47,0,302
9726,191,0,0,191
9727,253,0,0,253
9728,213,0,0,213
9729,193,0,0,193
9730,218,0,0,218
9731,255,66,0,321
9732,231,0,0,231
9733,255,21,0,276
9734,232,0,0,232
9735,200,0,0,200
9736,231,0,0,231
9737,185,0,0,185
9738,255,23,0,278
9739,255,21,0,276
9740,223,0,0,223
9741,242,0,0,242
9742,255,12,0,267
9743,217,0,0,217
9744,255,51,0,306
9745,243,0,0,243
9746,243,0,0,243
9747,255,23,0,278
9748,218,0,0,218
9749,239,0,0,239
9750,255,12,0,267
9751,250,0,0,250
9752,242,0,0,242
9753,255,52,0,307
9754,253,0,0,253
9755,227,0,0,227
9756,255,34,0,289
9757,247,0,0,247
9758,255,18,0,273
9759,200,0,0,200
9760,255,13,0,268
9761,255,3,0,258
9762,227,0,0,227
9763,234,0,0,234
9764,255,43,0,298
9765,250,0,0,250
9766,245,0,0,245
9767,252,0,0,252
9768,218,0,0,218
9769,213,0,0,213
9770,234,0,0,234
9771,246,0,0,246
9772,227,0,0,227
9773,255,92,0,347
9774,255,18,0,273
9775,248,0,0,248
9776,251,0,0,251
9777,255,30,0,285
9778,227,0,0,227
9779,255,69,0,324
9780,234,0,0,234
9781,246,0,0,246
9782,251,0,0,251
9783,248,0,0,248
9784,255,16,0,271
9785,252,0,0,252
9786,255,34,0,289
9787,255,39,0,294
9788,255,48,0,303
9789,255,48,0,303
9790,255,17,0,272
9791,255,30,0,285
9792,255,11,0,266
9793,247,0,0,247
9794,236,0,0,236
9795,243,0,0,243
9796,255,9,0,264
9797,255,102,0,357
9798,255,9,0,264
9799,255,63,0,318
9800,255,45,0,300
9801,255,77,0,332
9802,255,14,0,269
9803,255,9,0,264
9804,231,0,0,231
9805,170,0,0,170
9806,239,0,0,239
9807,255,36,0,291
9808,255,44,0,299
9809,255,32,0,287
9810,255,7,0,262
9811,255,37,0,292
9812,255,50,0,305
9813,255,63,0,318
9814,245,0,0,245
9815,255,56,0,311
9816,213,0,0,213
9817,226,0,0,226
9818,255,21,0,276
9819,255,15,0,270
9820,255,34,0,289
9821,255,52,0,307
9822,255,44,0,299
9823,248,0,0,248
9824,255,17,0,272
9825,245,0,0,245
9826,236,0,0,236
9827,227,0,0,227
9828,236,0,0,236
9829,240,0,0,240
9830,255,16,0,271
9831,255,19,0,274
9832,254,0,0,254
9833,217,0,0,217
9834,255,26,0,281
9835,221,0,0,221
9836,255,20,0,275
9837,239,0,0,239
9838,235,0,0,235
9839,198,0,0,198
9840,244,0,0,244
9841,246,0,0,246
9842,255,32,0,287
9843,227,0,0,227
9844,245,0,0,245
9845,255,35,0,290
9846,208,0,0,208
9847,255,26,0,281
9848,255,10,0,265
9849,255,32,0,287
9850,227,0,0,227
9851,255,34,0,289
9852,255,53,0,308
9853,239,0,0,239
9854,255,22,0,277
9855,255,4,0,259
9856,255,64,0,319
9857,220,0,0,220
9858,224,0,0,224
9859,236,0,0,236
9860,249,0,0,249
9861,206,0,0,206
9862,223,0,0,223
9863,228,0,0,228
9864,255,33,0,288
9865,255,66,0,321
9866,236,0,0,236
9867,249,0,0,249
9868,255,42,0,297
9869,246,0,0,246
9870,255,80,0,335
9871,255,63,0,318
9872,255,43,0,298
9873,255,14,0,269
9874,255,133,0,388
9875,255,65,0,320
9876,255,229,0,484
9877,255,91,0,346
9878,255,79,0,334
9879,255,40,0,295
9880,255,26,0,281
9881,246,0,0,246
9882,250,0,0,250
9883,255,23,0,278
9884,246,0,0,246
9885,255,9,0,264
9886,255,12,0,267
9887,255,29,0,284
9888,255,43,0,298
9889,255,70,0,325
9890,255,32,0,287
9891,255,30,0,285
9892,213,0,0,213
9893,210,0,0,210
9894,238,0,0,238
9895,244,0,0,244
9896,255,29,0,284
9897,255,33,0,288
9898,255,151,0,406
9899,255,79,0,334
9900,255,126,0,381
9901,255,40,0,295
9902,255,15,0,270
9903,255,5,0,260
9904,255,6,0,261
9905,248,0,0,248
9906,218,0,0,218
9907,251,0,0,251
9908,255,21,0,276
9909,255,56,0,311
9910,255,38,0,293
9911,255,115,0,370
9912,255,48,0,303
9913,252,0,0,252
9914,255,29,0,284
9915,255,19,0,274
9916,255,63,0,318
9917,255,14,0,269
9918,255,14,0,269
9919,255,53,0,308
9920,255,19,0,274
9921,255,18,0,273
9922,255,28,0,283
9923,255,38,0,293
9924,255,16,0,271
9925,255,33,0,288
9926,210,0,0,210
9927,255,35,0,290
9928,212,0,0,212
9929,255,2,0,257
9930,236,0,0,236
9931,255,12,0,267
9932,232,0,0,232
9933,255,85,0,340
9934,255,25,0,280
9935,252,0,0,252
9936,240,0,0,240
9937,255,35,0,290
9938,177,0,0,177
9939,255,52,0,307
9940,188,0,0,188
9941,249,0,0,249
9942,255,85,0,340
9943,236,0,0,236
9944,255,37,0,292
9945,240,0,0,240
9946,228,0,0,228
9947,255,86,0,341
9948,220,0,0,220
9949,236,0,0,236
9950,255,21,0,276
9951,255,47,0,302
9952,250,0,0,250
9953,252,0,0,252
9954,240,0,0,240
9955,255,77,0,332
9956,255,5,0,260
9957,255,31,0,286
9958,236,0,0,236
9959,239,0,0,239
9960,253,0,0,253
9961,255,6,0,261
9962,236,0,0,236
9963,255,7,0,262
9964,255,31,0,286
9965,255,14,0,269
9966,255,85,0,340
9967,238,0,0,238
9968,255,22,0,277
9969,255,61,0,316
9970,246,0,0,246
9971,255,6,0,261
9972,255,9,0,264
9973,255,19,0,274
9974,227,0,0,227
9975,255,39,0,294
9976,255,30,0,285
9977,255,62,0,317
9978,255,28,0,283
9979,255,68,0,323
9980,255,32,0,287
9981,255,160,0,415
9982,255,37,0,292
9983,255,10,0,265
9984,255,37,0,292
9985,255,2,0,257
9986,255,28,0,283
9987,255,66,0,321
9988,255,150,0,405
9989,255,93,0,348
9990,255,85,0,340
9991,255,97,0,352
9992,255,33,0,288
9993,255,32,0,287
9994,255,12,0,267
9995,255,69,0,324
9996,255,64,0,319
9997,255,14,0,269
9998,255,71,0,326
9999,255,255,67,577
